10,6,0,0.6862802505493164,0.2584281265735626,-0.13674014806747437
11,6,0,0.6458179950714111,0.16528791189193726,-0.13193100690841675
12,6,0,0.6286243796348572,0.05890240892767906,-0.13995015621185303
12,11,0,0.6395702362060547,0.5552164912223816,-0.16201961040496826
13,6,0,0.6236526966094971,-0.013814292848110199,-0.14458167552947998
13,11,0,0.635920524597168,0.5774000883102417,-0.16199953854084015
14,6,0,0.6042460799217224,-0.06829243153333664,-0.14204800128936768
14,11,0,0.6357896327972412,0.5262266993522644,-0.15820489823818207
15,6,0,0.5805408954620361,-0.1183200478553772,-0.14472924172878265
15,7,0,0.644039511680603,0.785178542137146,0.004115568473935127
15,11,0,0.6425155401229858,0.47215715050697327,-0.15940187871456146
16,6,0,0.5536147356033325,-0.18146826326847076,-0.1459614485502243
16,11,0,0.6497926712036133,0.47034505009651184,-0.16175274550914764
17,6,0,0.5470330119132996,-0.2202581912279129,-0.14906209707260132
17,7,0,0.6440109610557556,0.7823644876480103,0.0020621130242943764
17,11,0,0.6587432622909546,0.48923492431640625,-0.16159126162528992
18,6,0,0.5447455048561096,-0.25498875975608826,-0.15246263146400452
18,11,0,0.6654613018035889,0.4955141544342041,-0.15945208072662354
19,6,0,0.5517486929893494,-0.2861391603946686,-0.15505166351795197
19,11,0,0.667887806892395,0.5106055736541748,-0.16176187992095947
20,0,0,0.802608847618103,-0.012492671608924866,-0.3098837733268738
20,6,0,0.5669293403625488,-0.3041089177131653,-0.15608400106430054
20,11,0,0.6455565690994263,0.4978577196598053,-0.1645503044128418
21,6,0,0.5810335874557495,-0.3010057508945465,-0.1576194167137146
21,11,0,0.6298643350601196,0.468874454498291,-0.170017808675766
22,6,0,0.5897481441497803,-0.31065094470977783,-0.1607792228460312
22,11,0,0.5711360573768616,0.4439381957054138,-0.17417792975902557
23,6,0,0.568302571773529,-0.3607882857322693,-0.1656595766544342
23,11,0,0.4909794330596924,0.4170602560043335,-0.1809702217578888
24,6,0,0.5452505350112915,-0.38657131791114807,-0.16849283874034882
24,11,0,0.4019644856452942,0.40621793270111084,-0.1835050880908966
25,11,0,0.2911487817764282,0.45036864280700684,-0.18589693307876587
26,11,0,0.24546056985855103,0.4862629771232605,-0.18970561027526855
27,11,0,0.22642065584659576,0.5252931118011475,-0.19381655752658844
29,6,0,0.26940906047821045,-0.49960798025131226,-0.2700689136981964
31,6,0,0.4480047821998596,-0.29825276136398315,-0.22403526306152344
31,11,0,0.06122547760605812,0.7866787910461426,-0.19272367656230927
33,6,0,0.6113723516464233,-0.2249053716659546,-0.20405054092407227
33,11,0,0.4418572187423706,0.7560025453567505,-0.18543192744255066
34,11,0,0.5174766778945923,0.7402421236038208,-0.18083344399929047
35,3,0,0.4422764182090759,0.8344076871871948,-0.10929948091506958
35,6,0,0.7052609324455261,-0.1536996066570282,-0.18573158979415894
35,11,0,0.5587269067764282,0.7235226631164551,-0.18001532554626465
36,6,0,0.725284218788147,-0.13041694462299347,-0.18170517683029175
36,11,0,0.5944430828094482,0.7199500799179077,-0.18390190601348877
37,6,0,0.7359544038772583,-0.08964144438505173,-0.1778375506401062
37,11,0,0.6366600394248962,0.7157943248748779,-0.18640302121639252
38,6,0,0.7490733861923218,-0.07761293649673462,-0.18016546964645386
38,11,0,0.6538822650909424,0.6766661405563354,-0.18748870491981506
39,6,0,0.7647325992584229,-0.06152879819273949,-0.17801721394062042
39,11,0,0.6737289428710938,0.6391981840133667,-0.1876210719347
40,0,0,0.9163457751274109,0.01704208366572857,-0.3852939009666443
40,11,0,0.6962841749191284,0.6041541695594788,-0.19000545144081116
41,11,0,0.7224084138870239,0.5653712749481201,-0.1926516890525818
42,11,0,0.74616539478302,0.5185117721557617,-0.1980370134115219
43,11,0,0.777495801448822,0.47305452823638916,-0.22374305129051208
44,11,0,0.7964841723442078,0.4587854743003845,-0.2115076780319214
45,11,0,0.8114235401153564,0.4567779004573822,-0.20686212182044983
46,11,0,0.8290956020355225,0.4478856921195984,-0.20645971596240997
47,6,0,0.7827304601669312,0.2622218430042267,-0.1738121509552002
47,11,0,0.8436636328697205,0.5029057264328003,-0.20421326160430908
48,11,0,0.8272235989570618,0.5044646263122559,-0.21169030666351318
49,6,0,0.7678786516189575,0.29305458068847656,-0.17164553701877594
49,11,0,0.8248746395111084,0.5363327264785767,-0.2113654464483261
50,11,0,0.8135162591934204,0.5366708040237427,-0.21662922203540802
51,6,0,0.7778403162956238,0.24764961004257202,-0.1656925231218338
51,11,0,0.8108218908309937,0.5157574415206909,-0.21275120973587036
52,11,0,0.7989165782928467,0.49896368384361267,-0.21543723344802856
53,11,0,0.8037457466125488,0.47339630126953125,-0.21687540411949158
54,6,0,0.8061416149139404,0.17648190259933472,-0.14716975390911102
54,11,0,0.8061174154281616,0.48098379373550415,-0.21789012849330902
55,11,0,0.815203070640564,0.44056373834609985,-0.2196161150932312
56,2,0,-0.6324943900108337,0.7160402536392212,-0.03897674381732941
56,11,0,0.8261762857437134,0.44304996728897095,-0.2179146707057953
57,2,0,-0.6595484018325806,0.7080398797988892,-0.035260360687971115
57,11,0,0.8254111409187317,0.42539528012275696,-0.2215253859758377
58,2,0,-0.6734473705291748,0.6867861747741699,-0.033033475279808044
58,11,0,0.8200617432594299,0.4181489944458008,-0.2230740487575531
59,2,0,-0.6681854724884033,0.6809079051017761,-0.03286416456103325
59,11,0,0.8182104825973511,0.4091087579727173,-0.2220810353755951
60,2,0,-0.6765205264091492,0.6772382259368896,-0.03380132466554642
60,11,0,0.817842960357666,0.400770902633667,-0.22124657034873962
61,2,0,-0.6806260943412781,0.6688050031661987,-0.0331152118742466
61,11,0,0.8216456174850464,0.37879806756973267,-0.22180494666099548
62,2,0,-0.69432532787323,0.6580022573471069,-0.03312826156616211
62,11,0,0.8233017921447754,0.36378923058509827,-0.22275450825691223
63,2,0,-0.700247049331665,0.6512326002120972,-0.03251778706908226
63,11,0,0.8278605937957764,0.3479681611061096,-0.22612033784389496
64,2,0,-0.7040667533874512,0.6449493765830994,-0.030825378373265266
64,11,0,0.8375833630561829,0.32510387897491455,-0.22865314781665802
65,2,0,-0.7100205421447754,0.6473866105079651,-0.02997247874736786
65,11,0,0.8442467451095581,0.2884479761123657,-0.23022246360778809
66,2,0,-0.7192508578300476,0.6403899192810059,-0.028760410845279694
66,11,0,0.8485605716705322,0.26463913917541504,-0.23168793320655823
67,2,0,-0.7229238152503967,0.6351621150970459,-0.02754267491400242
67,11,0,0.8529639840126038,0.24552962183952332,-0.23220133781433105
68,2,0,-0.727791428565979,0.6245577335357666,-0.02634452097117901
68,11,0,0.8558080196380615,0.23471185564994812,-0.23133061826229095
69,2,0,-0.7262348532676697,0.6174736022949219,-0.02583174780011177
69,11,0,0.8679452538490295,0.23997819423675537,-0.2285330593585968
70,2,0,-0.7447139024734497,0.6251016855239868,-0.02401888370513916
70,11,0,0.8677058219909668,0.2581093907356262,-0.23269139230251312
71,2,0,-0.7669566869735718,0.6298166513442993,-0.018141668289899826
71,11,0,0.8654047250747681,0.2539263367652893,-0.238140270113945
72,2,0,-0.7872399091720581,0.6325438618659973,-0.008771078661084175
72,11,0,0.8700853586196899,0.2421320080757141,-0.23565280437469482
73,2,0,-0.7965123653411865,0.6278958320617676,0.0001412397250533104
73,11,0,0.8850263357162476,0.20328155159950256,-0.22899913787841797
74,2,0,-0.8085410594940186,0.6410127878189087,0.006721409037709236
74,11,0,0.8887991309165955,0.19070161879062653,-0.22848105430603027
75,2,0,-0.8084061741828918,0.6427419185638428,0.00836662482470274
75,11,0,0.8822512626647949,0.18394020199775696,-0.2268257439136505
76,2,0,-0.8132823705673218,0.6398360133171082,0.008643843233585358
76,11,0,0.879660964012146,0.18118223547935486,-0.2252899706363678
77,2,0,-0.8048938512802124,0.6449484825134277,0.008787508122622967
77,11,0,0.8767035603523254,0.18157216906547546,-0.22306625545024872
78,2,0,-0.7998262643814087,0.64078289270401,0.00917495135217905
78,11,0,0.8778355121612549,0.1787813901901245,-0.22208116948604584
79,2,0,-0.7950046062469482,0.6376954913139343,0.01101740449666977
79,11,0,0.8776634931564331,0.17503461241722107,-0.22141742706298828
80,2,0,-0.7898073792457581,0.6396887302398682,0.011268997564911842
80,11,0,0.8772023916244507,0.17266029119491577,-0.2214067578315735
81,0,0,0.8959966897964478,-0.15543395280838013,-0.5015756487846375
81,2,0,-0.7816917896270752,0.6395697593688965,0.015609949827194214
81,11,0,0.8804318904876709,0.1585172712802887,-0.22473397850990295
82,2,0,-0.7790477275848389,0.6425004005432129,0.018575310707092285
82,11,0,0.8915519714355469,0.14444588124752045,-0.22496956586837769
83,2,0,-0.7808610200881958,0.6394320130348206,0.020370036363601685
83,11,0,0.890832781791687,0.13085485994815826,-0.22696539759635925
84,0,0,0.8931297063827515,-0.12405310571193695,-0.502205491065979
84,2,0,-0.779030442237854,0.6376966834068298,0.022443346679210663
85,2,0,-0.7776264548301697,0.6383476257324219,0.02433806098997593
85,11,0,0.8955157995223999,0.10687527060508728,-0.23181283473968506
86,2,0,-0.769925594329834,0.6440507173538208,0.025390097871422768
86,11,0,0.8934824466705322,0.09943194687366486,-0.23016507923603058
87,2,0,-0.768146812915802,0.6390666961669922,0.026058003306388855
87,11,0,0.891681432723999,0.09296409785747528,-0.22869527339935303
88,2,0,-0.7686800956726074,0.6302213668823242,0.026051033288240433
88,11,0,0.8906872272491455,0.08130955696105957,-0.2277393341064453
89,2,0,-0.7668943405151367,0.6258122324943542,0.026530155912041664
89,11,0,0.8870046138763428,0.07057958096265793,-0.22861438989639282
90,2,0,-0.7700601816177368,0.6174749135971069,0.028460562229156494
90,11,0,0.8855245113372803,0.05654216185212135,-0.22968846559524536
91,2,0,-0.770551323890686,0.6235370635986328,0.02910963073372841
92,2,0,-0.7685991525650024,0.6279420852661133,0.030822228640317917
92,11,0,0.8822270631790161,0.030387893319129944,-0.2359386533498764
93,2,0,-0.7804293632507324,0.611352264881134,0.030665358528494835
93,11,0,0.8893865942955017,0.03345773369073868,-0.24069935083389282
94,0,0,0.9199379682540894,-0.07250609993934631,-0.5272750854492188
94,2,0,-0.7849730849266052,0.6052545309066772,0.027148708701133728
94,11,0,0.9043660163879395,0.05226803570985794,-0.25241148471832275
95,0,0,0.9210200309753418,-0.055066537111997604,-0.5356570482254028
95,2,0,-0.8029966950416565,0.600345253944397,0.03159255161881447
95,11,0,0.908287525177002,0.07093961536884308,-0.25847989320755005
96,2,0,-0.818612813949585,0.6103700399398804,0.043190859258174896
96,11,0,0.9159102439880371,0.10455626994371414,-0.2529590129852295
97,2,0,-0.8267568945884705,0.6213666200637817,0.047552138566970825
97,11,0,0.899395227432251,0.11107511073350906,-0.25896769762039185
98,2,0,-0.8209952116012573,0.6301052570343018,0.04885478317737579
98,11,0,0.8935061097145081,0.11314243078231812,-0.2593878209590912
99,2,0,-0.8153109550476074,0.6199667453765869,0.05020090192556381
99,11,0,0.8835785388946533,0.11480025202035904,-0.2618154287338257
100,2,0,-0.8245347738265991,0.5881511569023132,0.04841678589582443
100,11,0,0.8749273419380188,0.11715304851531982,-0.2611337900161743
101,0,0,0.8960396647453308,-0.09951675683259964,-0.5270830392837524
101,2,0,-0.8183733820915222,0.5936183929443359,0.04750847443938255
101,11,0,0.8740414977073669,0.1187383234500885,-0.261479914188385
102,2,0,-0.8207241892814636,0.5875430107116699,0.04914943128824234
102,11,0,0.8767228722572327,0.11619521677494049,-0.260831743478775
103,2,0,-0.8146827816963196,0.5871034264564514,0.04913224279880524
103,11,0,0.8728471398353577,0.11405789852142334,-0.25970709323883057
104,2,0,-0.8106276988983154,0.5902115106582642,0.047180917114019394
105,0,0,0.900682270526886,-0.15143384039402008,-0.540656328201294
105,2,0,-0.8088478446006775,0.5899345874786377,0.04582037404179573
106,2,0,-0.8047157526016235,0.5909349322319031,0.04719863831996918
106,11,0,0.8767904043197632,0.1239393800497055,-0.26408302783966064
107,2,0,-0.8002861738204956,0.6076639890670776,0.04705391824245453
107,11,0,0.8756752014160156,0.13022851943969727,-0.2620561122894287
108,2,0,-0.8088061809539795,0.5954844951629639,0.0469617024064064
108,11,0,0.8669321537017822,0.1402515321969986,-0.2616995871067047
109,2,0,-0.8100622892379761,0.592049241065979,0.047148752957582474
109,11,0,0.8591033220291138,0.14683286845684052,-0.26011157035827637
110,2,0,-0.8154376745223999,0.5836573839187622,0.04475526139140129
111,2,0,-0.8214372396469116,0.5781351327896118,0.04573802277445793
111,11,0,0.8401733636856079,0.14601515233516693,-0.25441569089889526
112,0,0,0.8927268981933594,-0.19282010197639465,-0.5358209609985352
112,2,0,-0.8285108804702759,0.56072998046875,0.04182606190443039
112,11,0,0.8349645137786865,0.1570562869310379,-0.2520087659358978
113,0,0,0.8880797624588013,-0.18851763010025024,-0.5307925939559937
113,2,0,-0.8378372192382812,0.5464890003204346,0.03848843649029732
113,11,0,0.834342360496521,0.16753464937210083,-0.24655376374721527
114,2,0,-0.8423193097114563,0.5336568355560303,0.032725896686315536
114,11,0,0.8315289616584778,0.1925695836544037,-0.23505595326423645
115,0,0,0.8785824775695801,-0.17767809331417084,-0.5188793540000916
115,2,0,-0.8432275652885437,0.5258278250694275,0.025579266250133514
115,11,0,0.831261157989502,0.20776616036891937,-0.230299174785614
116,2,0,-0.8413902521133423,0.5278056859970093,0.016554418951272964
116,11,0,0.8252712488174438,0.23815128207206726,-0.21889129281044006
117,2,0,-0.8469823002815247,0.5186822414398193,0.0064868442714214325
117,11,0,0.8222078084945679,0.24987629055976868,-0.21001462638378143
118,2,0,-0.8491871356964111,0.5265160202980042,-0.004296114668250084
118,11,0,0.8233240842819214,0.2644840478897095,-0.2009720504283905
119,2,0,-0.8525750637054443,0.5379752516746521,-0.0079220375046134
119,11,0,0.8088740110397339,0.2733989357948303,-0.19715449213981628
120,2,0,-0.8516726493835449,0.5381527543067932,-0.011935818940401077
120,11,0,0.7925060987472534,0.28997528553009033,-0.19318071007728577
121,0,0,0.8916857242584229,-0.13525846600532532,-0.48615238070487976
121,2,0,-0.8420563340187073,0.5254878997802734,-0.017455032095313072
121,11,0,0.7817957401275635,0.30166515707969666,-0.19047191739082336
122,0,0,0.8880665898323059,-0.1091611385345459,-0.4814998209476471
122,2,0,-0.8408653140068054,0.5241146087646484,-0.022955695167183876
122,11,0,0.775486409664154,0.31784117221832275,-0.18547740578651428
123,0,0,0.8802753686904907,-0.11357293277978897,-0.4772700071334839
123,2,0,-0.8318792581558228,0.514557957649231,-0.02728959359228611
123,11,0,0.7629355192184448,0.3328626751899719,-0.1827736496925354
124,0,0,0.8726528882980347,-0.10695341229438782,-0.4691067934036255
124,2,0,-0.8256019949913025,0.515661895275116,-0.03293033689260483
124,11,0,0.75165855884552,0.34772926568984985,-0.17565852403640747
125,0,0,0.8629138469696045,-0.10792959481477737,-0.46276533603668213
125,2,0,-0.8186519145965576,0.5108797550201416,-0.03886514529585838
125,11,0,0.7345070838928223,0.3660685420036316,-0.17188405990600586
126,2,0,-0.8024678826332092,0.48699888586997986,-0.045925457030534744
126,11,0,0.7222322821617126,0.377068430185318,-0.17152850329875946
127,0,0,0.8318082094192505,-0.12055866420269012,-0.439089298248291
127,2,0,-0.7924569845199585,0.46099889278411865,-0.04855158552527428
127,11,0,0.7063658237457275,0.37540948390960693,-0.1632639616727829
128,0,0,0.8167179822921753,-0.12009525299072266,-0.4321786165237427
128,11,0,0.6845778822898865,0.3841540813446045,-0.15638166666030884
129,11,0,0.6640165448188782,0.3997350335121155,-0.1504882276058197
138,0,0,0.9199106693267822,-0.21095490455627441,-0.47003495693206787
139,0,0,0.9248888492584229,-0.20806258916854858,-0.46391987800598145
145,0,0,0.9330447316169739,-0.17679204046726227,-0.46789395809173584
146,0,0,0.9354866743087769,-0.17503389716148376,-0.46291181445121765
149,0,0,0.917951226234436,-0.18233588337898254,-0.48489201068878174
150,0,0,0.9213297367095947,-0.17466694116592407,-0.4766014516353607
154,0,0,0.9294472932815552,-0.15892724692821503,-0.47679972648620605
155,0,0,0.9283814430236816,-0.1633506864309311,-0.47161757946014404
156,0,0,0.9291808605194092,-0.16192659735679626,-0.47626015543937683
157,0,0,0.9271366000175476,-0.1593036651611328,-0.4721488654613495
160,0,0,0.9279907941818237,-0.15113243460655212,-0.4676336944103241
161,0,0,0.9343289136886597,-0.1412608027458191,-0.4610399603843689
166,0,0,0.9355380535125732,-0.13360261917114258,-0.4530908465385437
167,0,0,0.9394046068191528,-0.13684092462062836,-0.45170795917510986
168,0,0,0.9394439458847046,-0.1380813866853714,-0.4500202238559723
169,0,0,0.9392012357711792,-0.13664381206035614,-0.44486477971076965
171,0,0,0.941309928894043,-0.13903069496154785,-0.4388262927532196
172,0,0,0.9421601891517639,-0.13124975562095642,-0.43429452180862427
182,0,0,0.9319412708282471,-0.12511636316776276,-0.46793222427368164
183,0,0,0.938714861869812,-0.14562319219112396,-0.47321999073028564
184,0,0,0.9329854249954224,-0.1454203873872757,-0.4679949879646301
185,0,0,0.9336563348770142,-0.1431867480278015,-0.46385443210601807
185,11,0,0.3755344748497009,0.32697075605392456,-0.12909261882305145
186,11,0,0.3606465756893158,0.3534739315509796,-0.13237717747688293
190,0,0,0.9357764720916748,-0.1522744745016098,-0.4554819166660309
191,0,0,0.9383749961853027,-0.15138308703899384,-0.45151588320732117
192,0,0,0.9290753602981567,-0.14340664446353912,-0.44528278708457947
194,0,0,0.9255123734474182,-0.13703304529190063,-0.44351431727409363
195,0,0,0.9245413541793823,-0.1349659413099289,-0.44110214710235596
196,0,0,0.9246074557304382,-0.11899787187576294,-0.4379670023918152
197,0,0,0.9208769798278809,-0.09201578795909882,-0.4326404929161072
200,0,0,0.8740359544754028,0.04923006147146225,-0.4163718819618225
200,11,0,-0.03188158944249153,0.8766223788261414,-0.21329933404922485
201,0,0,0.7606977820396423,0.15813706815242767,-0.38509953022003174
201,11,0,-0.06910426914691925,0.9107662439346313,-0.20857170224189758
202,0,0,0.7375598549842834,0.18379628658294678,-0.3869190216064453
202,11,0,-0.10060372948646545,0.9161036014556885,-0.2160099744796753
203,0,0,0.7143285274505615,0.21736568212509155,-0.38077110052108765
203,11,0,-0.13509398698806763,0.9131044745445251,-0.2178061455488205
204,0,0,0.6618897318840027,0.2911703288555145,-0.3800836205482483
204,11,0,-0.18525803089141846,0.9039150476455688,-0.21868319809436798
205,0,0,0.6878269910812378,0.21795648336410522,-0.37481945753097534
205,11,0,-0.24395856261253357,0.8903608918190002,-0.221733957529068
206,0,0,0.7003175020217896,0.19822311401367188,-0.3758482038974762
206,11,0,-0.26723557710647583,0.8854917287826538,-0.2277420163154602
207,0,0,0.7241908311843872,0.15431606769561768,-0.37712979316711426
207,11,0,-0.2885754108428955,0.876624584197998,-0.2282230257987976
208,0,0,0.7391881942749023,0.1389792263507843,-0.377485990524292
208,11,0,-0.3252086043357849,0.8640294075012207,-0.22787611186504364
209,0,0,0.7207849025726318,0.14456680417060852,-0.3715500831604004
209,11,0,-0.35946181416511536,0.8457304835319519,-0.2229304313659668
210,0,0,0.6808328032493591,0.16215413808822632,-0.3712763786315918
210,11,0,-0.36603009700775146,0.8485909700393677,-0.2257969230413437
211,0,0,0.6855118274688721,0.1506882756948471,-0.3697778582572937
211,11,0,-0.3895188570022583,0.8342005014419556,-0.22695377469062805
212,0,0,0.6801798343658447,0.12999965250492096,-0.36901623010635376
212,11,0,-0.41610485315322876,0.8161835074424744,-0.22876682877540588
213,0,0,0.7061349153518677,0.09200678765773773,-0.3705723285675049
213,11,0,-0.4143447279930115,0.7954545021057129,-0.23262359201908112
214,0,0,0.7181676626205444,0.06194957345724106,-0.37400346994400024
214,11,0,-0.405356764793396,0.772400975227356,-0.2380979359149933
215,0,0,0.741530179977417,0.04017026722431183,-0.37692317366600037
215,11,0,-0.42740827798843384,0.73625648021698,-0.24516668915748596
216,0,0,0.8019882440567017,0.004358723293989897,-0.39107340574264526
216,11,0,-0.49631401896476746,0.6526537537574768,-0.24934285879135132
217,0,0,0.849078357219696,-0.06265579164028168,-0.42654281854629517
217,11,0,-0.5746878981590271,0.519208550453186,-0.25100088119506836
218,0,0,0.8420544862747192,-0.03757788613438606,-0.4236989915370941
218,11,0,-0.6415929794311523,0.3958699703216553,-0.25143077969551086
219,0,0,0.8505351543426514,-0.04194524139165878,-0.42285633087158203
219,11,0,-0.672816276550293,0.27699607610702515,-0.25683021545410156
220,0,0,0.8539648056030273,-0.019061271101236343,-0.4205951988697052
220,11,0,-0.6923118233680725,0.11709176003932953,-0.25702184438705444
221,0,0,0.8678323030471802,-0.00852170865982771,-0.4078829884529114
221,11,0,-0.7109196186065674,0.04442506283521652,-0.25266891717910767
222,0,0,0.87611985206604,-0.00821918249130249,-0.4065975248813629
222,11,0,-0.7374871969223022,-0.02006109058856964,-0.25493335723876953
223,11,0,-0.7277951240539551,-0.06833171844482422,-0.25713878870010376
224,0,0,0.8792378902435303,-0.008253606036305428,-0.40924492478370667
224,11,0,-0.7331888675689697,-0.09246530383825302,-0.2584029734134674
225,11,0,-0.7255854606628418,-0.16904142498970032,-0.25588905811309814
226,11,0,-0.7176767587661743,-0.23807606101036072,-0.2577735483646393
227,0,0,0.8910084366798401,-0.03652125597000122,-0.40935537219047546
227,11,0,-0.7204841375350952,-0.2859458923339844,-0.2600092589855194
228,11,0,-0.702130913734436,-0.35942965745925903,-0.2579476535320282
229,0,0,0.9241271018981934,-0.08897971361875534,-0.44838500022888184
229,11,0,-0.6773329973220825,-0.4306449890136719,-0.25727829337120056
230,0,0,0.8981120586395264,-0.025136064738035202,-0.44045883417129517
230,11,0,-0.6682073473930359,-0.5315443277359009,-0.25585299730300903
231,0,0,0.8862769603729248,-0.032600726932287216,-0.4334072470664978
231,11,0,-0.6499172449111938,-0.5823379755020142,-0.25660744309425354
232,0,0,0.8821060657501221,-0.042467422783374786,-0.4293980002403259
232,11,0,-0.6344084739685059,-0.6302114725112915,-0.2569701075553894
233,11,0,-0.5971766710281372,-0.6676572561264038,-0.254251092672348
234,11,0,-0.5541467666625977,-0.7217947840690613,-0.256736695766449
235,0,0,0.8544814586639404,-0.05434226244688034,-0.41680991649627686
235,11,0,-0.5312134027481079,-0.7492423057556152,-0.26003116369247437
236,0,0,0.8432285189628601,-0.06327269226312637,-0.4093818664550781
236,11,0,-0.5079811811447144,-0.7839221358299255,-0.26150280237197876
237,0,0,0.8269109129905701,-0.0628010630607605,-0.40096354484558105
237,11,0,-0.4590345621109009,-0.8087165355682373,-0.2633890211582184
238,0,0,0.8051100969314575,-0.06631142646074295,-0.39053454995155334
238,11,0,-0.3931911885738373,-0.8322620391845703,-0.2632032334804535
239,11,0,-0.3425283432006836,-0.8498822450637817,-0.26670265197753906
240,0,0,0.7716381549835205,-0.09361785650253296,-0.3849753737449646
240,11,0,-0.3179777264595032,-0.861862301826477,-0.2712685763835907
241,0,0,0.7557175159454346,-0.08688530325889587,-0.3815181851387024
241,11,0,-0.2557072937488556,-0.8756728768348694,-0.27992013096809387
242,0,0,0.7337298393249512,-0.10344374924898148,-0.37216776609420776
242,11,0,-0.19867485761642456,-0.9044336080551147,-0.2847580313682556
243,11,0,-0.14022673666477203,-0.9215542674064636,-0.28467774391174316
244,11,0,-0.08177785575389862,-0.9300069808959961,-0.28631091117858887
245,11,0,-0.024631906300783157,-0.9363139271736145,-0.28302907943725586
246,11,0,0.03553149104118347,-0.9383089542388916,-0.2794748842716217
247,0,0,0.6673455238342285,-0.1700073480606079,-0.33826881647109985
247,11,0,0.10373950004577637,-0.9315391778945923,-0.27998554706573486
248,11,0,0.17575646936893463,-0.9201080203056335,-0.2791569232940674
249,0,0,0.7562524080276489,-0.11448684334754944,-0.3297649323940277
249,11,0,0.3333977460861206,-0.8909717798233032,-0.28465035557746887
250,11,0,0.3611421287059784,-0.889053463935852,-0.2661287784576416
251,11,0,0.38776594400405884,-0.879727840423584,-0.26058438420295715
252,0,0,0.7277096509933472,-0.25062447786331177,-0.2545837461948395
252,4,0,-0.3228945732116699,-0.8627108931541443,0.300944447517395
252,11,0,0.4284318685531616,-0.8721442222595215,-0.26782625913619995
253,0,0,0.7226699590682983,-0.2845524549484253,-0.24403728544712067
253,4,0,-0.30363690853118896,-0.8725090026855469,0.29775768518447876
253,11,0,0.47484076023101807,-0.8615261316299438,-0.2706441283226013
254,11,0,0.4967300295829773,-0.8525799512863159,-0.27669191360473633
255,11,0,0.5214134454727173,-0.828420877456665,-0.2830849885940552
256,11,0,0.5573727488517761,-0.7830134630203247,-0.2898893356323242
257,11,0,0.5933265686035156,-0.7405791282653809,-0.2959563732147217
258,11,0,0.6361466646194458,-0.7119988799095154,-0.30374497175216675
259,10,0,-0.325009822845459,-0.8473730087280273,0.06271247565746307
259,11,0,0.6682201623916626,-0.6674673557281494,-0.30632972717285156
260,10,0,-0.344016432762146,-0.8445823192596436,0.06432963907718658
260,11,0,0.690764307975769,-0.6266433000564575,-0.3075900673866272
261,10,0,-0.34463655948638916,-0.848213791847229,0.06118287146091461
261,11,0,0.7147611379623413,-0.5849987864494324,-0.3090759515762329
262,11,0,0.7334641814231873,-0.54805588722229,-0.31189319491386414
263,11,0,0.7519398927688599,-0.5081108808517456,-0.31276577711105347
264,11,0,0.7650578022003174,-0.46291089057922363,-0.31279700994491577
265,11,0,0.7878695726394653,-0.4181517958641052,-0.3127196431159973
266,11,0,0.807959258556366,-0.4174364507198334,-0.3093926012516022
267,10,0,-0.3541601598262787,-0.8176065683364868,0.012815454043447971
267,11,0,0.8127614259719849,-0.3961155414581299,-0.30652135610580444
268,10,0,-0.3779207468032837,-0.8206725716590881,0.009983410127460957
268,11,0,0.8114944696426392,-0.38595855236053467,-0.30260443687438965
269,10,0,-0.4070191979408264,-0.8168023824691772,0.008865737356245518
269,11,0,0.8147128820419312,-0.3876045346260071,-0.29831981658935547
270,11,0,0.8041943311691284,-0.40618616342544556,-0.2942865490913391
271,11,0,0.8019677400588989,-0.40136319398880005,-0.29113882780075073
272,11,0,0.7929531931877136,-0.40375056862831116,-0.2869890630245209
273,11,0,0.7715563178062439,-0.4163183569908142,-0.28129470348358154
274,11,0,0.7337043285369873,-0.4343984127044678,-0.2747552990913391
275,10,0,-0.3959263563156128,-0.8438456654548645,0.019458480179309845
275,11,0,0.7161145210266113,-0.41685158014297485,-0.2692197263240814
276,11,0,0.6830984354019165,-0.44094744324684143,-0.26511114835739136
277,10,0,-0.41209715604782104,-0.8536807894706726,0.036434680223464966
277,11,0,0.6552383899688721,-0.4577510356903076,-0.2607402503490448
278,11,0,0.6015877723693848,-0.4988080859184265,-0.256436288356781
279,11,0,0.5510237812995911,-0.5294750928878784,-0.25170159339904785
280,11,0,0.497484415769577,-0.5511412620544434,-0.2483101785182953
281,11,0,0.42717593908309937,-0.5782595872879028,-0.24302855134010315
282,11,0,0.35743993520736694,-0.6435063481330872,-0.234771728515625
283,11,0,0.3139118552207947,-0.6651307344436646,-0.23655939102172852
284,11,0,0.24865379929542542,-0.704875111579895,-0.2358711063861847
285,6,0,0.7383283376693726,0.40807488560676575,-0.16455909609794617
285,11,0,0.16146540641784668,-0.7724419832229614,-0.21806290745735168
286,0,0,0.11593403667211533,-0.8259001970291138,-0.1376129388809204
286,11,0,0.17468759417533875,-0.7545861005783081,-0.22029168903827667
287,11,0,0.18516728281974792,-0.7310203313827515,-0.2130998820066452
288,11,0,0.13492776453495026,-0.741814136505127,-0.21056312322616577
289,11,0,0.0842742919921875,-0.7552555799484253,-0.2079099416732788
290,11,0,0.021362336352467537,-0.7762855887413025,-0.20999792218208313
291,11,0,-0.05660534277558327,-0.7879955768585205,-0.21030676364898682
292,11,0,-0.1403614580631256,-0.8035182952880859,-0.2132691740989685
293,11,0,-0.23065701127052307,-0.8123847246170044,-0.21347463130950928
294,11,0,-0.3117128610610962,-0.8123924732208252,-0.21111860871315002
295,11,0,-0.37299105525016785,-0.8075588941574097,-0.2096664309501648
296,11,0,-0.4229066073894501,-0.8001174926757812,-0.20865602791309357
297,11,0,-0.4652858376502991,-0.8027645349502563,-0.20930543541908264
298,11,0,-0.5096073150634766,-0.7862808704376221,-0.21254612505435944
299,11,0,-0.5446568727493286,-0.7606761455535889,-0.214861199259758
300,11,0,-0.5973480939865112,-0.7136461734771729,-0.21585190296173096
301,6,0,-0.33027011156082153,-0.18807215988636017,-0.17577321827411652
301,11,0,-0.6533623933792114,-0.6591050624847412,-0.21626341342926025
302,11,0,-0.6916818618774414,-0.6132111549377441,-0.2136784791946411
303,11,0,-0.7181030511856079,-0.5639817118644714,-0.2182227522134781
304,11,0,-0.7504805326461792,-0.49107110500335693,-0.21754959225654602
305,11,0,-0.7769283056259155,-0.4249255061149597,-0.21527844667434692
306,6,0,-0.5761136412620544,-0.20502173900604248,-0.16984426975250244
306,11,0,-0.8167519569396973,-0.3599205017089844,-0.2111765444278717
307,6,0,-0.6585078239440918,-0.22555793821811676,-0.1685776263475418
307,11,0,-0.864094614982605,-0.29004302620887756,-0.2098037600517273
308,6,0,-0.7233165502548218,-0.2502846121788025,-0.16587063670158386
308,11,0,-0.8934347629547119,-0.21363478899002075,-0.20637474954128265
309,6,0,-0.7843143939971924,-0.26157864928245544,-0.1618584543466568
309,11,0,-0.9264703989028931,-0.10206815600395203,-0.19688378274440765
310,6,0,-0.8196577429771423,-0.26994842290878296,-0.15934783220291138
310,11,0,-0.9391748905181885,-0.05262364074587822,-0.20008353888988495
311,6,0,-0.843673825263977,-0.27335506677627563,-0.15659432113170624
311,11,0,-0.9514612555503845,-0.01240503415465355,-0.19507263600826263
312,6,0,-0.8662530779838562,-0.2649867534637451,-0.155663400888443
312,11,0,-0.9627276659011841,0.02319468930363655,-0.19040539860725403
313,6,0,-0.8792213201522827,-0.2213791012763977,-0.1565861999988556
313,11,0,-0.9692729711532593,0.08845336735248566,-0.19050437211990356
314,6,0,-0.8813376426696777,-0.19275151193141937,-0.15686500072479248
314,11,0,-0.9671791791915894,0.14087891578674316,-0.1909285932779312
315,11,0,-0.9640357494354248,0.21005432307720184,-0.1846601366996765
316,0,0,-0.9253314733505249,0.19817377626895905,-0.14017754793167114
316,11,0,-0.9588680267333984,0.25412312150001526,-0.18521127104759216
317,11,0,-0.950234055519104,0.3038806915283203,-0.18089935183525085
318,11,0,-0.9378337860107422,0.3786658048629761,-0.17408116161823273
319,11,0,-0.9194066524505615,0.4593204855918884,-0.1633642315864563
320,11,0,-0.8948256969451904,0.512992799282074,-0.16519206762313843
321,6,0,-0.7934808731079102,-0.025258995592594147,-0.16385772824287415
321,11,0,-0.8678151369094849,0.5572966933250427,-0.1624515801668167
322,6,0,-0.7673196792602539,-0.10362379252910614,-0.16459554433822632
322,11,0,-0.8387758135795593,0.6074985265731812,-0.1637098342180252
323,6,0,-0.686039388179779,-0.2581077218055725,-0.1653280258178711
323,11,0,-0.798933744430542,0.6761188507080078,-0.1629345417022705
324,6,0,-0.593126654624939,-0.34085020422935486,-0.16609813272953033
324,11,0,-0.7583340406417847,0.6952383518218994,-0.16067475080490112
325,6,0,-0.5434921979904175,-0.4583366811275482,-0.16552355885505676
325,11,0,-0.7099939584732056,0.7380343675613403,-0.16623231768608093
326,6,0,-0.42904457449913025,-0.6070601940155029,-0.16588035225868225
326,11,0,-0.6432857513427734,0.7911273837089539,-0.16824612021446228
327,6,0,-0.061829280108213425,-0.8588371276855469,-0.17035672068595886
327,11,0,-0.5265717506408691,0.8654754161834717,-0.1798001378774643
328,6,0,-0.04480321332812309,-0.9037810564041138,-0.18088293075561523
328,11,0,-0.48394399881362915,0.902596116065979,-0.19223809242248535
329,6,0,-0.05935453623533249,-0.9084378480911255,-0.18751443922519684
329,11,0,-0.46751654148101807,0.9157280921936035,-0.19385474920272827
330,6,0,-0.07685521245002747,-0.9073342084884644,-0.1886184811592102
330,11,0,-0.4440898001194,0.9245585203170776,-0.19301682710647583
331,6,0,-0.14719483256340027,-0.907968282699585,-0.18882042169570923
331,11,0,-0.3953382968902588,0.9331388473510742,-0.19583648443222046
332,6,0,-0.21751931309700012,-0.9099534749984741,-0.18738509714603424
332,11,0,-0.3118225336074829,0.9414358139038086,-0.20040157437324524
333,6,0,-0.24289998412132263,-0.923236072063446,-0.19045846164226532
333,11,0,-0.24558022618293762,0.9542607069015503,-0.2096993625164032
334,6,0,-0.26251429319381714,-0.9210141897201538,-0.2054871916770935
334,11,0,-0.19028955698013306,0.9596084356307983,-0.21873030066490173
335,6,0,-0.3089143633842468,-0.9120312929153442,-0.20722591876983643
335,11,0,-0.11488359421491623,0.9596935510635376,-0.21745038032531738
336,6,0,-0.32334059476852417,-0.9022396802902222,-0.20885545015335083
336,11,0,-0.0405171737074852,0.9611454010009766,-0.2132122814655304
337,6,0,-0.3520625829696655,-0.894792914390564,-0.21019861102104187
337,11,0,0.023095641285181046,0.9600707292556763,-0.21582919359207153
338,6,0,-0.34288489818573,-0.8867300748825073,-0.21031132340431213
338,11,0,0.10578371584415436,0.9556919932365417,-0.21291996538639069
339,6,0,-0.35469961166381836,-0.8607110977172852,-0.20884448289871216
339,11,0,0.12228310108184814,0.955277681350708,-0.2115236222743988
340,6,0,-0.3754573464393616,-0.847135603427887,-0.20816144347190857
340,11,0,0.13792411983013153,0.9513238668441772,-0.2190796285867691
341,6,0,-0.45068156719207764,-0.8297516107559204,-0.2074274718761444
341,11,0,0.17481637001037598,0.9442267417907715,-0.22002217173576355
342,6,0,-0.5038479566574097,-0.813537061214447,-0.20668382942676544
342,11,0,0.21104928851127625,0.9326874017715454,-0.21704071760177612
343,6,0,-0.5674020051956177,-0.7967828512191772,-0.21097253262996674
343,11,0,0.3057995140552521,0.911297619342804,-0.213955819606781
344,6,0,-0.6007592678070068,-0.7688306570053101,-0.214943528175354
344,11,0,0.4890460968017578,0.8809547424316406,-0.2074936330318451
345,6,0,-0.7180624008178711,-0.6735100150108337,-0.21624507009983063
345,11,0,0.5660064220428467,0.8410509824752808,-0.21295571327209473
346,6,0,-0.7046862244606018,-0.6584516763687134,-0.22002071142196655
346,11,0,0.59468674659729,0.798248291015625,-0.22445830702781677
347,6,0,-0.7632573843002319,-0.5969699025154114,-0.22045287489891052
347,11,0,0.6614958047866821,0.7529828548431396,-0.22923286259174347
348,6,0,-0.793663740158081,-0.5435949563980103,-0.21840444207191467
348,11,0,0.7105997204780579,0.7121107578277588,-0.22581002116203308
349,6,0,-0.8240814208984375,-0.4938333034515381,-0.21746814250946045
349,11,0,0.7380063533782959,0.6937458515167236,-0.22690878808498383
350,6,0,-0.8910142779350281,-0.382099449634552,-0.21811804175376892
350,11,0,0.7477116584777832,0.66214919090271,-0.22607219219207764
351,6,0,-0.9143380522727966,-0.2426857352256775,-0.22126540541648865
351,11,0,0.7442246675491333,0.6317964196205139,-0.23446322977542877
352,6,0,-0.8920542597770691,-0.18054711818695068,-0.22212648391723633
352,11,0,0.7435797452926636,0.5970908403396606,-0.23226767778396606
353,6,0,-0.8805184364318848,-0.1467810571193695,-0.2218075394630432
353,11,0,0.7528427243232727,0.5732921361923218,-0.22572949528694153
354,6,0,-0.8739328980445862,-0.10301780700683594,-0.22234821319580078
354,11,0,0.7660523653030396,0.5607109069824219,-0.2248871922492981
355,6,0,-0.8694535493850708,-0.05649001896381378,-0.2241632044315338
355,11,0,0.7787150144577026,0.5428110361099243,-0.22477376461029053
356,6,0,-0.8645474314689636,0.013974402099847794,-0.2254844754934311
356,11,0,0.8044325113296509,0.49572455883026123,-0.22926053404808044
357,6,0,-0.8639006018638611,0.053426291793584824,-0.22892536222934723
357,11,0,0.8360081911087036,0.4425179958343506,-0.23228248953819275
358,6,0,-0.8654470443725586,0.11651645600795746,-0.23068031668663025
358,11,0,0.8580618500709534,0.44294214248657227,-0.2314673811197281
359,6,0,-0.8518218994140625,0.1736590564250946,-0.23309354484081268
359,11,0,0.863953709602356,0.4506192207336426,-0.23202836513519287
360,6,0,-0.8235535621643066,0.26392436027526855,-0.2365938127040863
360,11,0,0.8857021927833557,0.41059422492980957,-0.23564669489860535
361,6,0,-0.7982252836227417,0.3910325765609741,-0.2388332486152649
361,11,0,0.8823387622833252,0.44240814447402954,-0.23601016402244568
362,6,0,-0.7994352579116821,0.5437543392181396,-0.24133437871932983
362,11,0,0.8270177841186523,0.5124952793121338,-0.23559212684631348
363,6,0,-0.7956951260566711,0.5629574656486511,-0.24822361767292023
363,11,0,0.783449113368988,0.5536401271820068,-0.23145422339439392
364,6,0,-0.7768239974975586,0.595240592956543,-0.25267162919044495
364,11,0,0.767235279083252,0.5837830305099487,-0.22884485125541687
365,6,0,-0.7555915117263794,0.6292853951454163,-0.25337255001068115
365,11,0,0.7437755465507507,0.625800371170044,-0.22271528840065002
366,6,0,-0.7334275245666504,0.6678602695465088,-0.25337058305740356
366,11,0,0.7048748135566711,0.6783541440963745,-0.21897214651107788
367,6,0,-0.709541380405426,0.7200925350189209,-0.253343790769577
367,11,0,0.6018565893173218,0.764630913734436,-0.21902954578399658
368,6,0,-0.691750168800354,0.7530835270881653,-0.2554187476634979
368,11,0,0.5242071747779846,0.7915893793106079,-0.2207062542438507
369,6,0,-0.639415979385376,0.7725483179092407,-0.2569323182106018
369,11,0,0.5070748329162598,0.8063340783119202,-0.21581785380840302
370,6,0,-0.5904669761657715,0.7906085252761841,-0.25714048743247986
370,11,0,0.49560368061065674,0.8294492959976196,-0.2074904590845108
371,6,0,-0.5433011054992676,0.8143340349197388,-0.25932255387306213
371,11,0,0.47679823637008667,0.855563759803772,-0.19562605023384094
372,6,0,-0.498930960893631,0.8326984643936157,-0.2617374062538147
372,11,0,0.45496442914009094,0.8776615858078003,-0.1863907277584076
373,6,0,-0.4700582027435303,0.8552116751670837,-0.26672953367233276
373,11,0,0.38768628239631653,0.9020237922668457,-0.18374238908290863
374,6,0,-0.42396387457847595,0.8696491122245789,-0.26840460300445557
374,11,0,0.3672439157962799,0.9071599245071411,-0.17848962545394897
375,6,0,-0.33586812019348145,0.881730318069458,-0.2690751254558563
375,11,0,0.373798668384552,0.9084411859512329,-0.17188172042369843
376,6,0,-0.2815348505973816,0.8903771042823792,-0.27338743209838867
376,11,0,0.38919851183891296,0.9191635251045227,-0.16559547185897827
377,6,0,-0.2243509441614151,0.8963955640792847,-0.2774448096752167
377,11,0,0.3820383548736572,0.9317501783370972,-0.15798497200012207
378,6,0,-0.15755325555801392,0.8972676992416382,-0.28120192885398865
378,11,0,0.3540953993797302,0.9424216747283936,-0.1528841257095337
379,6,0,-0.07654012739658356,0.8972439169883728,-0.2838905453681946
379,11,0,0.3379979431629181,0.949722945690155,-0.14989715814590454
380,6,0,-0.04073113575577736,0.8972702026367188,-0.28815776109695435
380,11,0,0.32742220163345337,0.9495779275894165,-0.14827078580856323
381,6,0,0.05019240453839302,0.8917872309684753,-0.2899255156517029
381,11,0,0.2855866253376007,0.9531945586204529,-0.1430610865354538
382,6,0,0.1234789788722992,0.8874080181121826,-0.2931797206401825
382,11,0,0.27995896339416504,0.9507079124450684,-0.1362919807434082
383,6,0,0.1982395201921463,0.8827204704284668,-0.29469022154808044
383,11,0,0.33391791582107544,0.9416311979293823,-0.12482450157403946
384,6,0,0.2853092849254608,0.8733482360839844,-0.297914057970047
384,11,0,0.28277793526649475,0.9479623436927795,-0.11149564385414124
385,6,0,0.3938334584236145,0.8529578447341919,-0.3029240667819977
385,11,0,0.10967595875263214,0.9474049806594849,-0.10765829682350159
386,6,0,0.4898868799209595,0.8245892524719238,-0.3057299554347992
386,11,0,0.029112238436937332,0.9403728246688843,-0.10776935517787933
387,6,0,0.556503176689148,0.8140891194343567,-0.3068169951438904
387,11,0,-0.08347002416849136,0.940554141998291,-0.090957872569561
388,6,0,0.6237359046936035,0.77581787109375,-0.3087659180164337
388,11,0,-0.21750329434871674,0.9308703541755676,-0.07088309526443481
389,6,0,0.6918487548828125,0.7046358585357666,-0.31580808758735657
389,11,0,-0.41325074434280396,0.9036383628845215,-0.04015636444091797
390,6,0,0.7537405490875244,0.5891110897064209,-0.32172688841819763
390,11,0,-0.49959349632263184,0.8709301352500916,-0.047674112021923065
391,6,0,0.8370782136917114,0.5096004009246826,-0.32977157831192017
391,11,0,-0.5979014039039612,0.8423374891281128,-0.051562003791332245
392,6,0,0.8467941284179688,0.5039407014846802,-0.32945436239242554
392,11,0,-0.6734815835952759,0.8212260603904724,-0.05455747991800308
393,6,0,0.8644818067550659,0.47880664467811584,-0.32774418592453003
393,11,0,-0.7788748741149902,0.7585998773574829,-0.0455327033996582
394,6,0,0.875157356262207,0.4312412440776825,-0.3309255540370941
394,11,0,-0.8135059475898743,0.7318833470344543,-0.04335037246346474
395,6,0,0.8923890590667725,0.3665032684803009,-0.33192938566207886
395,11,0,-0.8433564305305481,0.6985791921615601,-0.03786680847406387
396,6,0,0.9147580862045288,0.23828506469726562,-0.3340264558792114
396,11,0,-0.8703269958496094,0.6321302652359009,-0.030459746718406677
397,6,0,0.9173983335494995,0.19000959396362305,-0.33613693714141846
397,11,0,-0.8891403079032898,0.581757664680481,-0.031917717307806015
398,6,0,0.9133638739585876,0.23633980751037598,-0.3330778181552887
398,11,0,-0.903572678565979,0.5247756242752075,-0.026952655985951424
399,6,0,0.9045212268829346,0.25447118282318115,-0.33331194519996643
399,11,0,-0.9103090763092041,0.47293156385421753,-0.0182366743683815
400,6,0,0.896910548210144,0.26447734236717224,-0.33343827724456787
400,11,0,-0.9195470809936523,0.3970990478992462,-0.004842566326260567
401,6,0,0.889686107635498,0.2732064127922058,-0.3310873508453369
401,11,0,-0.9363279342651367,0.25973987579345703,0.01294099073857069
402,6,0,0.8815618753433228,0.3300827741622925,-0.3270622491836548
402,11,0,-0.9402955770492554,0.22839337587356567,0.005663944873958826
403,6,0,0.8712030649185181,0.3465726971626282,-0.32047906517982483
403,11,0,-0.9357666373252869,0.22190874814987183,-0.0019998224452137947
404,6,0,0.841119110584259,0.36834174394607544,-0.3150361180305481
404,11,0,-0.9313247799873352,0.1744079440832138,-0.006042946595698595
405,6,0,0.7993190288543701,0.39957284927368164,-0.3116800785064697
405,11,0,-0.920121431350708,0.09668421000242233,-0.0048540253192186356
406,6,0,0.7481399774551392,0.44591403007507324,-0.3083845376968384
406,11,0,-0.9021428823471069,-0.019464800134301186,-0.00365786487236619
407,6,0,0.7059114575386047,0.5147228837013245,-0.3050101101398468
407,11,0,-0.857784628868103,-0.09825815260410309,-0.003655674634501338
408,6,0,0.6461613178253174,0.6594123840332031,-0.30013465881347656
408,11,0,-0.7737264633178711,-0.0986940860748291,-0.014801055192947388
409,6,0,0.6083683967590332,0.6922279596328735,-0.29181814193725586
409,11,0,-0.7154266238212585,-0.18748319149017334,-0.015854965895414352
410,6,0,0.5611526966094971,0.7388074994087219,-0.2873411774635315
410,11,0,-0.6279479265213013,-0.34382128715515137,-0.022991931065917015
411,6,0,0.5380277633666992,0.7888966798782349,-0.28330862522125244
411,11,0,-0.5868709087371826,-0.3533899784088135,-0.0194452702999115
412,6,0,0.4977732300758362,0.8189959526062012,-0.28132057189941406
412,11,0,-0.5592905879020691,-0.46076545119285583,-0.022755911573767662
413,6,0,0.4476286768913269,0.8475973010063171,-0.27639949321746826
413,11,0,-0.5106191635131836,-0.550155758857727,-0.028083600103855133
414,6,0,0.3767583966255188,0.8891222476959229,-0.271747887134552
414,11,0,-0.506177544593811,-0.5832298994064331,-0.03417128697037697
415,6,0,0.330495685338974,0.9006211757659912,-0.26551419496536255
415,11,0,-0.5026590824127197,-0.6371021270751953,-0.04028898477554321
416,6,0,0.23996253311634064,0.9065849781036377,-0.26247212290763855
416,11,0,-0.47114574909210205,-0.6879605054855347,-0.04427443444728851
417,6,0,0.15925878286361694,0.9148203134536743,-0.25868135690689087
417,11,0,-0.43766099214553833,-0.7629470229148865,-0.04913687705993652
418,6,0,0.11637026816606522,0.9363468885421753,-0.25762468576431274
418,11,0,-0.41367852687835693,-0.7971352338790894,-0.05832313746213913
419,6,0,0.09605337679386139,0.9421128034591675,-0.2536715865135193
419,11,0,-0.4167569577693939,-0.8197014331817627,-0.06512314081192017
420,6,0,0.07229086756706238,0.9384116530418396,-0.24937132000923157
420,11,0,-0.423550009727478,-0.8510097861289978,-0.06945201754570007
421,6,0,0.025279218330979347,0.9318966269493103,-0.24550646543502808
421,11,0,-0.35884225368499756,-0.8950735330581665,-0.07028213888406754
422,6,0,-0.02437319979071617,0.9267342686653137,-0.2431199848651886
422,11,0,-0.33569902181625366,-0.9144134521484375,-0.07003174722194672
423,6,0,-0.07868819683790207,0.9297577738761902,-0.23986688256263733
423,11,0,-0.34818726778030396,-0.9163511991500854,-0.06798859685659409
424,6,0,-0.15277443826198578,0.9246145486831665,-0.2350151240825653
424,11,0,-0.3282126486301422,-0.9264791011810303,-0.06678685545921326
425,6,0,-0.239368736743927,0.9167413711547852,-0.23102959990501404
425,11,0,-0.29110848903656006,-0.9346914291381836,-0.07068125903606415
426,6,0,-0.30086156725883484,0.9050556421279907,-0.22711510956287384
426,11,0,-0.22594526410102844,-0.9365549087524414,-0.06894045323133469
427,6,0,-0.36186689138412476,0.8878113031387329,-0.22339469194412231
427,11,0,-0.15041527152061462,-0.9381080865859985,-0.06797926127910614
428,6,0,-0.4206390380859375,0.8632027506828308,-0.21907779574394226
428,11,0,-0.06439648568630219,-0.9389535188674927,-0.06747262924909592
429,6,0,-0.513893723487854,0.8017716407775879,-0.211628258228302
429,11,0,0.030108418315649033,-0.9351522922515869,-0.0697227418422699
430,6,0,-0.5972585678100586,0.7632509469985962,-0.2131662368774414
430,11,0,0.08134476840496063,-0.9239799976348877,-0.07452499866485596
431,6,0,-0.6370943784713745,0.73478764295578,-0.2154974341392517
431,11,0,0.1566777229309082,-0.9117295145988464,-0.07953909039497375
432,6,0,-0.6650004386901855,0.705521821975708,-0.21633733808994293
432,11,0,0.22830531001091003,-0.8946939706802368,-0.07856162637472153
433,6,0,-0.6782020926475525,0.6538006663322449,-0.21513506770133972
433,11,0,0.32016727328300476,-0.8819881677627563,-0.07442893087863922
434,6,0,-0.7374175786972046,0.6102778315544128,-0.21360759437084198
434,11,0,0.4140518605709076,-0.8417795896530151,-0.07186923176050186
435,6,0,-0.7820834517478943,0.5748878717422485,-0.21347814798355103
435,11,0,0.4790698289871216,-0.8078915476799011,-0.07441569864749908
436,6,0,-0.8084818124771118,0.5186793804168701,-0.2144051492214203
436,11,0,0.5419546365737915,-0.7744669914245605,-0.07739545404911041
437,6,0,-0.8297240734100342,0.4812406897544861,-0.2136191427707672
437,11,0,0.6201385855674744,-0.7065619230270386,-0.07566311955451965
438,6,0,-0.8486277461051941,0.4293937385082245,-0.21382436156272888
438,11,0,0.6827926635742188,-0.6508755683898926,-0.07512220740318298
439,6,0,-0.8642053604125977,0.3681405186653137,-0.21361371874809265
439,11,0,0.7729076147079468,-0.5353801846504211,-0.07253743708133698
440,6,0,-0.9018836617469788,0.2711719870567322,-0.2111569344997406
440,11,0,0.8551334142684937,-0.4328211545944214,-0.07385039329528809
441,6,0,-0.9024242162704468,0.1742585003376007,-0.21370866894721985
441,11,0,0.8709973692893982,-0.3359842300415039,-0.07940579950809479
442,6,0,-0.9036284685134888,0.1128377616405487,-0.21491846442222595
442,11,0,0.9015510082244873,-0.26678240299224854,-0.07461351901292801
443,6,0,-0.9023810625076294,0.052632708102464676,-0.21674120426177979
443,11,0,0.9114227294921875,-0.19647124409675598,-0.07222848385572433
444,6,0,-0.9028974771499634,-0.013463711366057396,-0.2187906801700592
444,11,0,0.9229998588562012,-0.14622341096401215,-0.07033972442150116
445,6,0,-0.9136276841163635,-0.11291517317295074,-0.2194790542125702
445,11,0,0.9267247915267944,-0.10315515100955963,-0.07290805876255035
446,6,0,-0.912178635597229,-0.23324623703956604,-0.22197675704956055
446,11,0,0.9327445030212402,-0.09114034473896027,-0.08081009984016418
447,6,0,-0.9002750515937805,-0.3182879686355591,-0.21890071034431458
447,11,0,0.9250346422195435,-0.06550583988428116,-0.07441683113574982
448,6,0,-0.8821606636047363,-0.36977291107177734,-0.2175397276878357
448,11,0,0.9086940884590149,-0.019560517743229866,-0.06601321697235107
449,6,0,-0.8498514294624329,-0.41281574964523315,-0.21877580881118774
449,11,0,0.9170711040496826,0.021215057000517845,-0.05929847061634064
450,6,0,-0.7827651500701904,-0.4936012029647827,-0.21787099540233612
450,11,0,0.9145033359527588,-0.08237230032682419,-0.048439592123031616
451,6,0,-0.7405150532722473,-0.5471588373184204,-0.2178874909877777
451,11,0,0.9028540253639221,-0.14305852353572845,-0.051749248057603836
452,6,0,-0.7144907712936401,-0.5812108516693115,-0.2141607701778412
452,11,0,0.8962184190750122,-0.17960509657859802,-0.05461011826992035
453,6,0,-0.6563386917114258,-0.6106950044631958,-0.2103712260723114
453,11,0,0.8747256994247437,-0.21904292702674866,-0.05094008892774582
454,6,0,-0.6469677686691284,-0.6377328634262085,-0.20594549179077148
454,11,0,0.8789505958557129,-0.33573591709136963,-0.0523945651948452
455,6,0,-0.6573662757873535,-0.6455158591270447,-0.20290058851242065
455,11,0,0.859441339969635,-0.4028688073158264,-0.05040000006556511
456,6,0,-0.5806417465209961,-0.6850208640098572,-0.19970101118087769
456,11,0,0.7852358818054199,-0.5007882118225098,-0.03446486219763756
457,6,0,-0.5228585004806519,-0.7471290826797485,-0.19580498337745667
457,11,0,0.7290893793106079,-0.5494672060012817,-0.03080965206027031
458,6,0,-0.4829464554786682,-0.7797306776046753,-0.19389641284942627
458,11,0,0.6770809888839722,-0.6396266222000122,-0.026376234367489815
459,6,0,-0.44286659359931946,-0.7957119941711426,-0.19186046719551086
459,11,0,0.5748426914215088,-0.7421575784683228,-0.03034280613064766
460,6,0,-0.3795173764228821,-0.8150584697723389,-0.1894787847995758
460,11,0,0.42826414108276367,-0.814491868019104,-0.026041485369205475
461,6,0,-0.30444496870040894,-0.8403512239456177,-0.1871321201324463
461,11,0,0.22394034266471863,-0.861008882522583,-0.016889413818717003
462,6,0,-0.21397638320922852,-0.8667269945144653,-0.1856057345867157
462,11,0,0.14053893089294434,-0.8709089159965515,-0.013604901731014252
463,6,0,-0.15002110600471497,-0.8777550458908081,-0.18421633541584015
463,11,0,0.1001993790268898,-0.8828284740447998,-0.011385315097868443
464,6,0,-0.09265808761119843,-0.8892093896865845,-0.1814635694026947
464,11,0,-0.02180202677845955,-0.8653258085250854,-0.004654372110962868
465,6,0,-0.03467731922864914,-0.8944129943847656,-0.17909395694732666
465,11,0,-0.40606802701950073,-0.6764519214630127,0.002376723103225231
466,6,0,0.02479846216738224,-0.9003256559371948,-0.1797551065683365
466,11,0,-0.3162061274051666,-0.8101750612258911,0.004766142927110195
467,6,0,0.07212856411933899,-0.909501850605011,-0.18032383918762207
467,11,0,-0.3013309836387634,-0.859981894493103,0.0006778454408049583
468,6,0,0.12031695991754532,-0.9139152765274048,-0.18088340759277344
468,11,0,-0.2802296280860901,-0.8933714628219604,0.010312151163816452
469,6,0,0.17037880420684814,-0.9156476259231567,-0.18158748745918274
469,11,0,-0.2782075107097626,-0.9144351482391357,0.0158991701900959
470,6,0,0.22985845804214478,-0.911095142364502,-0.18237432837486267
470,11,0,-0.39995744824409485,-0.8872084617614746,0.024565471336245537
471,6,0,0.28846633434295654,-0.9007797837257385,-0.18485791981220245
471,11,0,-0.39552509784698486,-0.8960549831390381,0.028605826199054718
472,6,0,0.3630248010158539,-0.8795349597930908,-0.18676325678825378
472,11,0,-0.4404478073120117,-0.8749490976333618,0.031097114086151123
473,6,0,0.4416455030441284,-0.8569496273994446,-0.1869983673095703
473,11,0,-0.5155513882637024,-0.8366020917892456,0.03446141630411148
474,6,0,0.4803113341331482,-0.8462023735046387,-0.1874779313802719
474,11,0,-0.5549387335777283,-0.826885998249054,0.040819887071847916
475,6,0,0.5215609669685364,-0.8298743963241577,-0.18998441100120544
475,11,0,-0.5806229114532471,-0.8131139874458313,0.03661215677857399
476,6,0,0.5633225440979004,-0.8075089454650879,-0.19052377343177795
476,11,0,-0.6444380283355713,-0.7661356925964355,0.03833846002817154
477,6,0,0.6809185147285461,-0.7301995754241943,-0.19027504324913025
477,11,0,-0.6480593681335449,-0.7971149682998657,0.03736171871423721
478,6,0,0.7297928333282471,-0.6741886138916016,-0.19265048205852509
478,11,0,-0.6554208397865295,-0.7958250045776367,0.03340206295251846
479,6,0,0.7307584285736084,-0.6526362895965576,-0.1925661265850067
479,11,0,-0.6607516407966614,-0.8025758266448975,0.036492280662059784
480,6,0,0.7551352977752686,-0.6219536662101746,-0.19491857290267944
480,11,0,-0.6933581829071045,-0.7732908725738525,0.04037056118249893
481,6,0,0.787345826625824,-0.5878425240516663,-0.19532884657382965
481,11,0,-0.7710679173469543,-0.6933168172836304,0.0459015890955925
482,6,0,0.8093814849853516,-0.5618835687637329,-0.1956751048564911
482,11,0,-0.8274521827697754,-0.6606841087341309,0.05447232723236084
483,6,0,0.8590183258056641,-0.497122198343277,-0.19821250438690186
483,11,0,-0.869338870048523,-0.6022895574569702,0.05493112653493881
484,6,0,0.8408559560775757,-0.4848790764808655,-0.19698405265808105
484,11,0,-0.8690789341926575,-0.564504861831665,0.05459558218717575
485,6,0,0.8365699052810669,-0.4546271562576294,-0.1962791085243225
485,11,0,-0.8886702060699463,-0.5092571377754211,0.0608365498483181
486,6,0,0.8480015993118286,-0.40762749314308167,-0.19613349437713623
486,11,0,-0.9040995836257935,-0.44667404890060425,0.06524474918842316
487,6,0,0.8566462993621826,-0.3506320118904114,-0.19680604338645935
487,11,0,-0.9221063256263733,-0.36017152667045593,0.0670846626162529
488,6,0,0.896021842956543,-0.22671392560005188,-0.2001156061887741
488,11,0,-0.9410082101821899,-0.24431507289409637,0.0679340586066246
489,6,0,0.9128893613815308,-0.24734608829021454,-0.19978764653205872
489,11,0,-0.9441016912460327,-0.16827934980392456,0.054724425077438354
490,6,0,0.9117988348007202,-0.29980283975601196,-0.19447971880435944
490,11,0,-0.9504134654998779,-0.11763021349906921,0.04641152545809746
491,6,0,0.8973320722579956,-0.35568803548812866,-0.19238612055778503
491,11,0,-0.9555956125259399,-0.06272883713245392,0.03453700244426727
492,6,0,0.8783727884292603,-0.41872912645339966,-0.19291019439697266
492,11,0,-0.9609941244125366,-0.016176536679267883,0.027081916108727455
493,6,0,0.8674129843711853,-0.5039159059524536,-0.19513575732707977
493,11,0,-0.9621115326881409,0.04637395590543747,0.021079275757074356
494,6,0,0.8119709491729736,-0.6059936881065369,-0.20200209319591522
494,11,0,-0.9606720209121704,0.09211995452642441,0.01720554381608963
495,6,0,0.7620590329170227,-0.6108846068382263,-0.20032010972499847
495,11,0,-0.9613726139068604,0.1731317639350891,0.018724367022514343
496,6,0,0.7440943717956543,-0.617841362953186,-0.20107825100421906
496,11,0,-0.9558516144752502,0.2660619020462036,0.019511429592967033
497,6,0,0.7086969017982483,-0.628551721572876,-0.19910165667533875
497,11,0,-0.9459809064865112,0.3316509425640106,0.01042625866830349
498,6,0,0.5650969743728638,-0.697390079498291,-0.20174627006053925
498,11,0,-0.9217319488525391,0.37303048372268677,-0.0048765502870082855
499,6,0,0.4763360619544983,-0.7617920637130737,-0.20922428369522095
499,11,0,-0.8950788974761963,0.4005295932292938,-0.011081663891673088
500,6,0,0.4244128167629242,-0.7935913801193237,-0.20037904381752014
500,11,0,-0.8650667667388916,0.4159397482872009,-0.00784334447234869
501,6,0,0.37516337633132935,-0.8172739744186401,-0.1949201375246048
501,11,0,-0.8219830989837646,0.4400193393230438,-0.0035455171018838882
502,6,0,0.3448598086833954,-0.840282142162323,-0.19401425123214722
502,11,0,-0.7954354286193848,0.49096232652664185,-0.002519675763323903
503,6,0,0.3136725425720215,-0.8573269844055176,-0.19179481267929077
503,11,0,-0.7738502025604248,0.5270741581916809,-0.0042569502256810665
504,6,0,0.250909686088562,-0.8928256034851074,-0.19209066033363342
504,11,0,-0.7101391553878784,0.5798598527908325,-0.0016111605800688267
505,6,0,0.19588221609592438,-0.898428738117218,-0.18844929337501526
505,11,0,-0.6646816730499268,0.6132639646530151,0.0015509827062487602
506,2,0,0.3378622531890869,0.920319676399231,0.18283787369728088
506,6,0,0.141002357006073,-0.9011837244033813,-0.18415257334709167
506,11,0,-0.610305905342102,0.6443252563476562,0.0027129880618304014
507,6,0,0.091758131980896,-0.9053986072540283,-0.18082639575004578
507,11,0,-0.5455436706542969,0.677365779876709,0.0029160568956285715
508,2,0,0.34765103459358215,0.9213314652442932,0.192511647939682
508,6,0,0.048051394522190094,-0.9087316393852234,-0.17761260271072388
509,6,0,-0.013390814885497093,-0.9220908880233765,-0.17540417611598969
509,11,0,-0.4261494278907776,0.7300072312355042,0.0028828897047787905
510,2,0,0.3423056900501251,0.9266891479492188,0.20815196633338928
510,6,0,-0.04801279678940773,-0.9186965823173523,-0.17347842454910278
510,11,0,-0.36399024724960327,0.7468658685684204,0.0022029653191566467
511,2,0,0.3395378589630127,0.9266180992126465,0.21224595606327057
511,6,0,-0.07124362885951996,-0.9173973798751831,-0.16977104544639587
511,11,0,-0.322998046875,0.7612204551696777,0.0006370317423716187
512,2,0,0.34293240308761597,0.9271872043609619,0.2137162983417511
512,6,0,-0.09662182629108429,-0.915962278842926,-0.16611598432064056
512,11,0,-0.27739226818084717,0.7684170007705688,0.0008440305246040225
513,2,0,0.3632856011390686,0.9296162724494934,0.21457096934318542
513,6,0,-0.12550222873687744,-0.9150980710983276,-0.16245919466018677
513,11,0,-0.22973859310150146,0.7710681557655334,0.001588911167345941
514,6,0,-0.1656995415687561,-0.9190144538879395,-0.15460874140262604
514,11,0,-0.18912678956985474,0.7723128199577332,0.003673694096505642
515,6,0,-0.21535706520080566,-0.92140793800354,-0.14628875255584717
515,11,0,-0.14325520396232605,0.7750194072723389,0.006261162459850311
516,6,0,-0.2761611342430115,-0.9057320356369019,-0.14066581428050995
516,11,0,-0.0996897965669632,0.7619154453277588,0.006320435553789139
517,6,0,-0.3224198818206787,-0.8970504999160767,-0.13440385460853577
517,11,0,-0.03706536069512367,0.7653063535690308,0.005532587878406048
518,6,0,-0.36001527309417725,-0.8859884738922119,-0.13059046864509583
518,11,0,0.1582038849592209,0.8120217323303223,0.0029255140107125044
519,6,0,-0.4070063829421997,-0.8719884157180786,-0.12508369982242584
519,11,0,0.1478966474533081,0.8265565037727356,-0.007532716263085604
520,6,0,-0.506926417350769,-0.8464323282241821,-0.12982392311096191
520,11,0,0.07642032951116562,0.8250540494918823,-0.023324141278862953
521,6,0,-0.60926353931427,-0.816030740737915,-0.12919776141643524
521,11,0,0.0027133747935295105,0.8072332143783569,-0.03551727160811424
522,6,0,-0.6464546918869019,-0.7905210852622986,-0.1272108256816864
522,11,0,0.1420658379793167,0.812203049659729,-0.037144988775253296
523,6,0,-0.6693652868270874,-0.7734701633453369,-0.12468582391738892
523,11,0,0.301663339138031,0.7932882905006409,-0.03999682888388634
524,6,0,-0.697931706905365,-0.7541738152503967,-0.12431133538484573
524,11,0,0.3678169548511505,0.7725252509117126,-0.043403260409832
525,6,0,-0.7966409921646118,-0.6703497171401978,-0.13112038373947144
525,11,0,0.4768580496311188,0.7514325380325317,-0.06046140938997269
526,6,0,-0.7700436115264893,-0.6818723082542419,-0.13353331387043
526,11,0,0.575564444065094,0.7343090772628784,-0.07128937542438507
527,6,0,-0.7928398847579956,-0.618661642074585,-0.13164392113685608
527,11,0,0.6647351980209351,0.7031900882720947,-0.07546501606702805
528,6,0,-0.8130698204040527,-0.5602616667747498,-0.1314614713191986
528,11,0,0.7288889288902283,0.671288251876831,-0.07804811745882034
529,6,0,-0.8362139463424683,-0.504016101360321,-0.13148854672908783
529,11,0,0.7929753065109253,0.6492953896522522,-0.0839633047580719
530,6,0,-0.9156473875045776,-0.22675201296806335,-0.1343279331922531
530,11,0,0.8256496787071228,0.5975035429000854,-0.10278648883104324
531,6,0,-0.9211218357086182,-0.04313578084111214,-0.13559989631175995
531,11,0,0.8515868186950684,0.5474419593811035,-0.11626455187797546
532,6,0,-0.9230649471282959,0.1606188416481018,-0.139702707529068
532,11,0,0.876410722732544,0.5011597871780396,-0.12343831360340118
533,6,0,-0.9201812744140625,0.23652246594429016,-0.14185582101345062
533,11,0,0.9060242176055908,0.4337289333343506,-0.12703795731067657
534,6,0,-0.9195840358734131,0.283153235912323,-0.1439383327960968
534,11,0,0.9350651502609253,0.3482130169868469,-0.1314672827720642
535,6,0,-0.9183826446533203,0.3185637593269348,-0.14655205607414246
535,11,0,0.945180356502533,0.2854918837547302,-0.1326597034931183
536,6,0,-0.9180477857589722,0.3977704644203186,-0.15409384667873383
536,11,0,0.9461578130722046,0.22253838181495667,-0.1306842565536499
537,6,0,-0.8918592929840088,0.42672407627105713,-0.15746408700942993
538,6,0,-0.8577427268028259,0.4249378740787506,-0.1595335304737091
538,11,0,0.9578027725219727,0.13991504907608032,-0.12387441843748093
539,6,0,-0.8336442708969116,0.4614451229572296,-0.16184216737747192
539,11,0,0.9555608630180359,0.17749494314193726,-0.12252646684646606
540,6,0,-0.8057684898376465,0.4932504892349243,-0.1643703728914261
540,11,0,0.9485821723937988,0.2429010272026062,-0.12264014780521393
541,6,0,-0.7739173769950867,0.5824506282806396,-0.1708356738090515
541,11,0,0.9346833229064941,0.336184024810791,-0.1235508993268013
542,6,0,-0.7198972702026367,0.6021801233291626,-0.17361848056316376
542,11,0,0.9276925325393677,0.3652814030647278,-0.12466602027416229
543,6,0,-0.6826850175857544,0.6270905137062073,-0.1743394434452057
543,11,0,0.9099254608154297,0.4108351469039917,-0.12204881757497787
544,6,0,-0.637151837348938,0.6509310007095337,-0.175797700881958
544,11,0,0.8762459754943848,0.48970213532447815,-0.11781106889247894
545,6,0,-0.5888479948043823,0.6685792207717896,-0.1771603524684906
545,11,0,0.8199804425239563,0.5898172855377197,-0.11174775660037994
546,6,0,-0.5353959202766418,0.6873979568481445,-0.18057075142860413
546,11,0,0.7130563259124756,0.7065383195877075,-0.10305653512477875
547,6,0,-0.4908669590950012,0.703136146068573,-0.18175923824310303
547,11,0,0.5789693593978882,0.7939767837524414,-0.10121465474367142
548,6,0,-0.4498518109321594,0.7145561575889587,-0.1822414994239807
548,11,0,0.5142574310302734,0.8268061876296997,-0.10096123069524765
549,6,0,-0.4155311584472656,0.7251871824264526,-0.17834892868995667
549,11,0,0.4756622612476349,0.842807948589325,-0.09734836220741272
550,6,0,-0.3847774863243103,0.7372928857803345,-0.1762680560350418
550,11,0,0.43539655208587646,0.8614000678062439,-0.09420628845691681
551,6,0,-0.3421020209789276,0.7492469549179077,-0.17442107200622559
551,11,0,0.3692636489868164,0.890346884727478,-0.08943300694227219
552,6,0,-0.28633272647857666,0.7682124376296997,-0.1724967658519745
552,11,0,0.3104625344276428,0.9049439430236816,-0.08411343395709991
553,6,0,-0.24791541695594788,0.7711391448974609,-0.17062629759311676
553,11,0,0.27833181619644165,0.9083082675933838,-0.07897944748401642
554,6,0,-0.2156316339969635,0.773711085319519,-0.16804325580596924
554,11,0,0.24687179923057556,0.9135644435882568,-0.06513868272304535
555,6,0,-0.17420849204063416,0.7747795581817627,-0.16599413752555847
555,11,0,0.20532642304897308,0.9251084923744202,-0.06093468517065048
556,6,0,-0.12341394275426865,0.7790430784225464,-0.16350805759429932
556,11,0,0.15082994103431702,0.9298795461654663,-0.056170374155044556
557,6,0,-0.06937528401613235,0.7778964638710022,-0.16060200333595276
557,11,0,0.09608009457588196,0.9346859455108643,-0.049406640231609344
558,6,0,-0.016197532415390015,0.7768959999084473,-0.15884512662887573
558,11,0,0.04533661901950836,0.93822181224823,-0.04496193677186966
559,6,0,0.04924330115318298,0.7720541954040527,-0.15849316120147705
559,11,0,0.010748714208602905,0.9433585405349731,-0.039495669305324554
560,6,0,0.12173160910606384,0.7564586997032166,-0.15816514194011688
560,11,0,-0.015195002779364586,0.9417440891265869,-0.03416343778371811
561,6,0,0.19974233210086823,0.7399682998657227,-0.15861332416534424
561,11,0,-0.03638093173503876,0.9392869472503662,-0.03013872727751732
562,6,0,0.26710045337677,0.7203088998794556,-0.15696942806243896
562,11,0,-0.04841643199324608,0.9343467950820923,-0.023040777072310448
563,6,0,0.3548383414745331,0.6915807127952576,-0.15560150146484375
563,11,0,-0.08813421428203583,0.931972861289978,-0.02060292847454548
564,6,0,0.43733978271484375,0.6484766006469727,-0.15435299277305603
564,11,0,-0.1393747478723526,0.926736056804657,-0.018756279721856117
565,6,0,0.5043367147445679,0.585911214351654,-0.15513716638088226
565,11,0,-0.21099761128425598,0.9154937267303467,-0.01772516593337059
566,6,0,0.5779726505279541,0.5182338356971741,-0.15770545601844788
566,11,0,-0.2961560785770416,0.8979837894439697,-0.01729484274983406
567,6,0,0.6723631620407104,0.43471717834472656,-0.16259625554084778
567,11,0,-0.3454909324645996,0.875930905342102,-0.023208165541291237
568,6,0,0.7174041867256165,0.40519991517066956,-0.17360197007656097
568,11,0,-0.41630882024765015,0.8544200658798218,-0.028432942926883698
569,6,0,0.7346522808074951,0.38540181517601013,-0.1800839900970459
569,11,0,-0.5082607269287109,0.8317254781723022,-0.028652628883719444
570,6,0,0.7348079681396484,0.36485159397125244,-0.1818884015083313
570,11,0,-0.615784764289856,0.7844839096069336,-0.025343749672174454
571,6,0,0.7297064065933228,0.34365081787109375,-0.18238987028598785
571,11,0,-0.7173287868499756,0.710862398147583,-0.02105487510561943
572,6,0,0.7594430446624756,0.3039326071739197,-0.18667267262935638
572,11,0,-0.7690551280975342,0.6487177610397339,-0.02221575751900673
573,6,0,0.8113083243370056,0.25082504749298096,-0.19516876339912415
573,11,0,-0.7731001377105713,0.6201902627944946,-0.025035245344042778
574,6,0,0.8294881582260132,0.22175715863704681,-0.2001352310180664
574,11,0,-0.7878415584564209,0.5688431262969971,-0.027759570628404617
575,6,0,0.8339918255805969,0.19176235795021057,-0.2004408836364746
575,11,0,-0.813931405544281,0.4801049828529358,-0.030101353302598
576,6,0,0.8542914390563965,0.16387014091014862,-0.20372360944747925
576,11,0,-0.8317633867263794,0.3590988516807556,-0.029069047421216965
577,6,0,0.8687103986740112,0.14201810956001282,-0.20826774835586548
577,11,0,-0.8456871509552002,0.28703469038009644,-0.03301165625452995
578,6,0,0.8999053835868835,0.08397532254457474,-0.21529999375343323
578,11,0,-0.8493191599845886,0.18656456470489502,-0.038529492914676666
579,6,0,0.8895196914672852,0.11036702990531921,-0.21347209811210632
579,11,0,-0.8372323513031006,0.08839767426252365,-0.04327957332134247
580,6,0,0.8842206001281738,0.13527436554431915,-0.20366144180297852
580,11,0,-0.8253412246704102,-0.01954873465001583,-0.03361760452389717
581,6,0,0.8885046243667603,0.16693255305290222,-0.20465505123138428
581,11,0,-0.8228145241737366,-0.16794905066490173,-0.034868039190769196
582,6,0,0.890662670135498,0.22873355448246002,-0.20432937145233154
582,11,0,-0.7970709800720215,-0.33039557933807373,-0.03334428742527962
583,6,0,0.8714734315872192,0.34206312894821167,-0.20248214900493622
583,11,0,-0.8311522006988525,-0.3540268838405609,-0.030565764755010605
584,6,0,0.8727405071258545,0.35669732093811035,-0.20509716868400574
584,11,0,-0.8319522738456726,-0.419668048620224,-0.03600719943642616
585,6,0,0.8704031109809875,0.39474159479141235,-0.20472711324691772
585,11,0,-0.8194422721862793,-0.48333919048309326,-0.027363216504454613
586,6,0,0.8682699203491211,0.4290171265602112,-0.20001226663589478
586,11,0,-0.8159840106964111,-0.5481637120246887,-0.020153537392616272
587,6,0,0.8542326092720032,0.4772743582725525,-0.19338203966617584
587,11,0,-0.8259910345077515,-0.5911208391189575,-0.008921156637370586
588,6,0,0.8364606499671936,0.5441449880599976,-0.19589829444885254
588,11,0,-0.8240916132926941,-0.6126090884208679,-0.006580691784620285
589,6,0,0.8030474185943604,0.6365365386009216,-0.1930094063282013
589,11,0,-0.8336814641952515,-0.6121562719345093,-0.007888967171311378
590,6,0,0.7807419896125793,0.6724461317062378,-0.19233162701129913
590,11,0,-0.818983793258667,-0.6348567008972168,-0.012362148612737656
591,6,0,0.7641149759292603,0.7062024474143982,-0.19143834710121155
591,11,0,-0.7986212968826294,-0.6577996015548706,-0.011490381322801113
592,6,0,0.7436798810958862,0.7304567098617554,-0.18541869521141052
592,11,0,-0.8007614612579346,-0.655677318572998,-0.005045292899012566
593,6,0,0.7213127613067627,0.75461745262146,-0.1838228851556778
593,11,0,-0.7943133115768433,-0.6683791279792786,-0.0047563593834638596
594,6,0,0.6475762128829956,0.8035997152328491,-0.17488358914852142
594,11,0,-0.7792750597000122,-0.6381478905677795,-0.00440061092376709
595,6,0,0.6388142108917236,0.8035824298858643,-0.16307377815246582
595,11,0,-0.7798833847045898,-0.6370452642440796,-0.0010177027434110641
596,6,0,0.6144037842750549,0.8028767704963684,-0.15411105751991272
596,11,0,-0.7726601362228394,-0.6416751146316528,0.0020873183384537697
597,6,0,0.6035197377204895,0.7984193563461304,-0.14820243418216705
597,11,0,-0.7714375853538513,-0.6303776502609253,0.005364885553717613
598,6,0,0.6115527749061584,0.7994590997695923,-0.1341608315706253
598,11,0,-0.7769256830215454,-0.6330950260162354,-0.0014695292338728905
599,6,0,0.6442019939422607,0.7636711597442627,-0.11482443660497665
