0,0,0,0.365291953086853,0.6959023475646973,0.12471307814121246
1,0,0,0.3696930408477783,0.7246971726417542,0.12585380673408508
2,0,0,0.35072338581085205,0.7595749497413635,0.1327594816684723
3,0,0,0.3344874680042267,0.7785440683364868,0.13493910431861877
4,0,0,0.32309490442276,0.7911186218261719,0.13197410106658936
5,0,0,0.318303644657135,0.8071821331977844,0.13187943398952484
9,0,0,0.33906054496765137,0.8706570863723755,0.1321638822555542
10,0,0,0.3351409137248993,0.9170159101486206,0.1343049257993698
11,0,0,0.30285704135894775,0.9297451972961426,0.12168610841035843
12,0,0,0.31533753871917725,0.9311689138412476,0.11477746814489365
13,0,0,0.35576075315475464,0.9258803129196167,0.11008066684007645
14,0,0,0.40270525217056274,0.9151449203491211,0.1052037850022316
15,0,0,0.4261658191680908,0.9067649245262146,0.10287721455097198
16,0,0,0.4597237706184387,0.8901634216308594,0.10299643874168396
17,0,0,0.5108805298805237,0.8711305260658264,0.10398316383361816
18,0,0,0.5598934888839722,0.8635619878768921,0.10683467984199524
19,0,0,0.5930024981498718,0.8399077653884888,0.09765902906656265
20,0,0,0.6176055669784546,0.8325183391571045,0.08971554040908813
21,0,0,0.6292049884796143,0.8253337740898132,0.08690086752176285
22,0,0,0.6481927633285522,0.8133169412612915,0.08426982164382935
23,0,0,0.6648052930831909,0.8029711842536926,0.08106507360935211
24,0,0,0.6950908899307251,0.7853229641914368,0.08037109673023224
25,0,0,0.7154784798622131,0.7405308485031128,0.07727308571338654
26,0,0,0.7477782964706421,0.7081503868103027,0.08005222678184509
27,0,0,0.8044652938842773,0.6421376466751099,0.08369162678718567
28,0,0,0.8398698568344116,0.5952786207199097,0.07930214703083038
29,0,0,0.8621594905853271,0.5565385222434998,0.0768216997385025
30,0,0,0.8777693510055542,0.5174295902252197,0.0749163031578064
31,0,0,0.8978568315505981,0.4707774221897125,0.07131434231996536
32,0,0,0.9136180877685547,0.4225127696990967,0.0725618526339531
33,0,0,0.9094492197036743,0.40388765931129456,0.07199448347091675
34,0,0,0.9113637208938599,0.3814450204372406,0.06982992589473724
35,0,0,0.9272451400756836,0.349809467792511,0.07721445709466934
36,0,0,0.9438899755477905,0.35063648223876953,0.0761599987745285
37,0,0,0.9522842168807983,0.31389543414115906,0.07143749296665192
38,0,0,0.952639102935791,0.27976351976394653,0.06963374465703964
39,0,0,0.9578619599342346,0.2384202778339386,0.06837731599807739
40,0,0,0.9626516699790955,0.1969718039035797,0.06755594909191132
41,0,0,0.9637919664382935,0.17362844944000244,0.06586381047964096
42,0,0,0.9614498615264893,0.14569434523582458,0.060140930116176605
43,0,0,0.9664902687072754,0.1307845264673233,0.055409226566553116
44,0,0,0.9712328910827637,0.10244105756282806,0.05652368813753128
45,0,0,0.9727133512496948,0.0829806923866272,0.04744990915060043
46,0,0,0.9719463586807251,0.091629259288311,0.04124387353658676
47,0,0,0.9692562818527222,0.11435966938734055,0.037233617156744
48,0,0,0.9620699882507324,0.1361849009990692,0.03654036670923233
49,0,0,0.9421993494033813,0.21909581124782562,0.03192099928855896
50,0,0,0.9365848898887634,0.2223704755306244,0.03696802258491516
51,0,0,0.931809663772583,0.234296515583992,0.033014893531799316
52,0,0,0.9451452493667603,0.2171059250831604,0.03101162798702717
53,0,0,0.9323825836181641,0.25942596793174744,0.019959887489676476
54,0,0,0.874567985534668,0.22092105448246002,0.016679316759109497
55,0,0,0.6799545288085938,0.03439854085445404,0.006822401192039251
56,0,0,0.014705543406307697,-0.5466744899749756,-0.02595304325222969
56,11,0,0.36165651679039,-0.18576502799987793,-0.011123484000563622
57,0,0,-0.5259262323379517,-0.6941198110580444,-0.03348199278116226
57,11,0,0.370071142911911,-0.20291122794151306,-0.0062513649463653564
58,0,0,-0.6919031143188477,-0.7276753783226013,-0.056250251829624176
58,11,0,0.3779904544353485,-0.17227956652641296,-0.0011383704841136932
59,0,0,-0.7036993503570557,-0.7639865875244141,-0.05949966236948967
59,11,0,0.37089577317237854,-0.1686556041240692,0.006599814631044865
60,0,0,-0.6893652081489563,-0.7775076627731323,-0.05995693430304527
60,11,0,0.4392274022102356,-0.10776586085557938,0.005084153730422258
61,0,0,-0.7256428599357605,-0.7844970226287842,-0.05396580323576927
61,11,0,0.5649921894073486,0.055873241275548935,0.004658883903175592
62,0,0,-0.7378888726234436,-0.7564531564712524,-0.06441061198711395
62,11,0,0.6335399746894836,0.13223090767860413,0.008294150233268738
63,0,0,-0.7179845571517944,-0.7701692581176758,-0.07798400521278381
63,11,0,0.6660072803497314,0.17245057225227356,0.01190654281526804
64,0,0,-0.7139579057693481,-0.7738984823226929,-0.0897362008690834
64,11,0,0.6871883869171143,0.181650772690773,0.013928280211985111
65,0,0,-0.7150626182556152,-0.772079348564148,-0.0958072692155838
65,11,0,0.6906276941299438,0.22534558176994324,0.01460406742990017
66,0,0,-0.7343100309371948,-0.7884328365325928,-0.10431496798992157
66,11,0,0.7124228477478027,0.28348633646965027,0.016631517559289932
67,0,0,-0.7219462990760803,-0.7793427109718323,-0.11420115828514099
67,11,0,0.7217294573783875,0.28996264934539795,0.018838655203580856
68,0,0,-0.721306324005127,-0.7697837352752686,-0.12490877509117126
68,11,0,0.7377426624298096,0.29662176966667175,0.020827755331993103
69,0,0,-0.6775912046432495,-0.7663083076477051,-0.1273902803659439
69,11,0,0.7422662377357483,0.35969120264053345,0.019305823370814323
70,0,0,-0.6925216913223267,-0.7402334213256836,-0.13210654258728027
70,11,0,0.7474404573440552,0.42289865016937256,0.014972807839512825
71,0,0,-0.6997756958007812,-0.746721625328064,-0.14332401752471924
71,11,0,0.7584787607192993,0.428959459066391,0.014772876165807247
72,0,0,-0.7036129832267761,-0.7473063468933105,-0.15146708488464355
72,11,0,0.7573213577270508,0.44882094860076904,0.01390573475509882
73,0,0,-0.7254012227058411,-0.7435578107833862,-0.15773910284042358
73,11,0,0.7595332860946655,0.4638180136680603,0.013819891028106213
74,0,0,-0.7347518801689148,-0.7362947463989258,-0.16349101066589355
74,11,0,0.7620413303375244,0.4752448797225952,0.010755297727882862
75,0,0,-0.731751561164856,-0.756582498550415,-0.16962873935699463
75,11,0,0.7660283446311951,0.4874851107597351,0.009153326041996479
76,0,0,-0.7228765487670898,-0.7510108947753906,-0.17068064212799072
76,11,0,0.7630166411399841,0.47928348183631897,0.009892239235341549
77,0,0,-0.7131912708282471,-0.7323973178863525,-0.16823264956474304
77,11,0,0.7709648609161377,0.4868396520614624,0.007683306932449341
78,0,0,-0.7095216512680054,-0.7116992473602295,-0.1611555516719818
78,11,0,0.733677089214325,0.5717048645019531,0.00653696246445179
79,0,0,-0.7345167398452759,-0.6953308582305908,-0.17097316682338715
79,11,0,0.7324448823928833,0.597753643989563,0.01015879400074482
80,0,0,-0.7393327951431274,-0.7078253030776978,-0.1744881272315979
80,11,0,0.734939694404602,0.6057242751121521,0.010340451262891293
81,0,0,-0.7338202595710754,-0.7118465900421143,-0.17977386713027954
81,11,0,0.7327197790145874,0.6086148023605347,0.0084590595215559
82,0,0,-0.7152108550071716,-0.7336722612380981,-0.18304675817489624
82,11,0,0.7302207946777344,0.6166805624961853,0.008524306118488312
83,0,0,-0.6883417963981628,-0.7481715083122253,-0.18793019652366638
83,11,0,0.7270604372024536,0.6299425363540649,0.009191576391458511
84,0,0,-0.6404493451118469,-0.78352952003479,-0.1871287226676941
84,11,0,0.7250226736068726,0.6261481046676636,0.007086413912475109
85,0,0,-0.6559426188468933,-0.7920229434967041,-0.183251291513443
85,11,0,0.7318944931030273,0.6469984650611877,0.005348093342036009
86,0,0,-0.660335898399353,-0.7876046299934387,-0.182315394282341
86,11,0,0.7195654511451721,0.6654641628265381,0.007088098209351301
87,0,0,-0.7176891565322876,-0.7455858588218689,-0.17611649632453918
87,11,0,0.6915624141693115,0.6862325072288513,0.009383965283632278
88,0,0,-0.7360060811042786,-0.7213141918182373,-0.1810556799173355
88,11,0,0.6982845067977905,0.6860498189926147,0.008401543833315372
89,0,0,-0.7179725766181946,-0.7210842967033386,-0.1813628077507019
89,11,0,0.7002026438713074,0.6857600212097168,0.008516215719282627
90,0,0,-0.7189560532569885,-0.733354926109314,-0.18036900460720062
90,11,0,0.7013713121414185,0.6790800094604492,0.00921551138162613
91,0,0,-0.7171616554260254,-0.7324775457382202,-0.17877715826034546
91,11,0,0.6967421770095825,0.6880980730056763,0.007338272873312235
92,0,0,-0.7053264379501343,-0.7330383062362671,-0.17665934562683105
92,11,0,0.6988006830215454,0.6898566484451294,0.006852650083601475
93,0,0,-0.6857041716575623,-0.7463907599449158,-0.17280349135398865
93,11,0,0.7025976181030273,0.6762493848800659,0.004085810389369726
94,0,0,-0.684848427772522,-0.7420967817306519,-0.17057107388973236
94,11,0,0.6976112723350525,0.6764962673187256,-0.001557040261104703
95,0,0,-0.7211710214614868,-0.7233954071998596,-0.16514573991298676
95,11,0,0.673491895198822,0.6796087026596069,0.0032979343086481094
96,0,0,-0.7680606245994568,-0.7025384902954102,-0.16847896575927734
96,11,0,0.6872544884681702,0.6911370754241943,0.006763864774256945
97,0,0,-0.7816138863563538,-0.7270487546920776,-0.16817031800746918
97,11,0,0.7176460027694702,0.7109888792037964,0.012117035686969757
98,0,0,-0.7714037299156189,-0.7385300993919373,-0.17075014114379883
98,11,0,0.7241781949996948,0.728692889213562,0.016289882361888885
99,0,0,-0.7240415215492249,-0.783313512802124,-0.17079496383666992
99,11,0,0.7348697781562805,0.7412335872650146,0.01710786670446396
100,0,0,-0.7178745269775391,-0.7672301530838013,-0.17154639959335327
100,11,0,0.7307419180870056,0.7386311292648315,0.020768700167536736
101,0,0,-0.7168399095535278,-0.7541695833206177,-0.17268800735473633
101,11,0,0.7377769351005554,0.7318114042282104,0.02326156757771969
102,0,0,-0.7193270921707153,-0.7416733503341675,-0.16782769560813904
102,11,0,0.7454179525375366,0.7240943312644958,0.025059591978788376
103,0,0,-0.7223644852638245,-0.7450153231620789,-0.1617700457572937
103,11,0,0.7377371191978455,0.7246553897857666,0.03157209977507591
104,0,0,-0.7691060304641724,-0.7050954103469849,-0.15675336122512817
104,11,0,0.7102845311164856,0.734794020652771,0.03721834346652031
105,0,0,-0.7776572704315186,-0.6906899213790894,-0.15071512758731842
105,11,0,0.7241306304931641,0.6997678279876709,0.044747378677129745
106,0,0,-0.7655616998672485,-0.681092381477356,-0.14732299745082855
106,11,0,0.7393785715103149,0.6897103786468506,0.050792425870895386
107,0,0,-0.7564070224761963,-0.6555138826370239,-0.14490768313407898
107,11,0,0.7469332218170166,0.6815879940986633,0.05404634773731232
108,0,0,-0.7354440689086914,-0.6650643348693848,-0.14145290851593018
108,11,0,0.7612185478210449,0.6822190284729004,0.0560765340924263
109,0,0,-0.7160053253173828,-0.6564382314682007,-0.13404391705989838
109,11,0,0.7715228796005249,0.6866228580474854,0.05961836501955986
110,0,0,-0.7068195343017578,-0.6590700149536133,-0.12900350987911224
110,11,0,0.7880089282989502,0.6882759928703308,0.06180113926529884
111,0,0,-0.7151319980621338,-0.6389739513397217,-0.1208035796880722
111,11,0,0.7787655591964722,0.6919435858726501,0.06385162472724915
112,0,0,-0.7498629689216614,-0.569807767868042,-0.11484380066394806
112,11,0,0.7574366331100464,0.6938943862915039,0.06527262181043625
113,0,0,-0.7734929323196411,-0.5001294612884521,-0.11167308688163757
113,11,0,0.7574115991592407,0.6665046215057373,0.06895041465759277
114,0,0,-0.7640380263328552,-0.49642908573150635,-0.10560424625873566
114,11,0,0.763678252696991,0.6627606153488159,0.07145822048187256
115,0,0,-0.7584266662597656,-0.4521876871585846,-0.10115498304367065
115,11,0,0.7678438425064087,0.6577126383781433,0.07471216470003128
116,0,0,-0.7389284372329712,-0.42796793580055237,-0.09568411111831665
116,11,0,0.7711882591247559,0.6594187021255493,0.0781293660402298
117,0,0,-0.704693078994751,-0.3821963667869568,-0.08874146640300751
117,11,0,0.7720659971237183,0.6534619927406311,0.08297348022460938
118,0,0,-0.6570407152175903,-0.3231458365917206,-0.07718096673488617
118,11,0,0.7707735300064087,0.6596953868865967,0.08470005542039871
119,0,0,-0.6133713126182556,-0.16286110877990723,-0.058654531836509705
119,11,0,0.7690123319625854,0.6621123552322388,0.07995691150426865
120,0,0,-0.5637792348861694,0.03364982828497887,-0.04390319809317589
120,11,0,0.7836046814918518,0.6552707552909851,0.07284785807132721
121,0,0,-0.6395135521888733,0.2736209034919739,-0.03402838483452797
121,11,0,0.7928463220596313,0.6344987154006958,0.07008185982704163
122,0,0,-0.6461911201477051,0.2727237343788147,-0.03205534815788269
122,11,0,0.8011710047721863,0.6157349944114685,0.07041541486978531
123,0,0,-0.6587082743644714,0.2694734036922455,-0.025579143315553665
123,11,0,0.8065203428268433,0.6078879833221436,0.07031800597906113
124,0,0,-0.6740190982818604,0.26166868209838867,-0.020538795739412308
124,11,0,0.806310772895813,0.6019023656845093,0.06952045857906342
125,0,0,-0.6808261871337891,0.23196600377559662,-0.01646953448653221
125,11,0,0.8024935126304626,0.5952385663986206,0.0691261738538742
126,0,0,-0.676661491394043,0.22093729674816132,-0.009256161749362946
126,11,0,0.8081890344619751,0.5862866044044495,0.06943874061107635
127,0,0,-0.7243727445602417,0.1797032356262207,-0.004707755520939827
127,11,0,0.8125380873680115,0.5701757669448853,0.06692256033420563
128,0,0,-0.7685610055923462,0.14581461250782013,0.0033312831073999405
128,11,0,0.8152123093605042,0.5582752823829651,0.06381041556596756
129,0,0,-0.8335241079330444,0.09224499762058258,0.010041740722954273
129,11,0,0.8110795021057129,0.5490963459014893,0.060441356152296066
130,0,0,-0.865324854850769,0.07917661964893341,0.017765596508979797
130,11,0,0.8077394366264343,0.5388752222061157,0.05636381357908249
131,0,0,-0.8792411684989929,0.019329838454723358,0.02434403821825981
131,11,0,0.806668758392334,0.5297227501869202,0.05401746183633804
132,0,0,-0.8943541646003723,-0.020319389179348946,0.030646421015262604
132,11,0,0.7902540564537048,0.516936182975769,0.05172336846590042
133,0,0,-0.9099807739257812,-0.026350153610110283,0.04070902615785599
133,11,0,0.7721731662750244,0.49487781524658203,0.047420695424079895
134,0,0,-0.9134217500686646,-0.03795235604047775,0.04698244109749794
134,11,0,0.7457754611968994,0.4635496139526367,0.043784722685813904
135,0,0,-0.9127120971679688,-0.050637222826480865,0.05225468799471855
135,11,0,0.7213475704193115,0.412992000579834,0.04340825974941254
136,0,0,-0.9195029735565186,-0.06231483817100525,0.059213973581790924
136,11,0,0.6733845472335815,0.37968361377716064,0.04301237314939499
137,0,0,-0.929579496383667,-0.0839938372373581,0.07115565240383148
137,11,0,0.6349529027938843,0.351184606552124,0.03917505592107773
138,0,0,-0.9329321384429932,-0.056863605976104736,0.08271922171115875
138,11,0,0.5899842977523804,0.31135833263397217,0.028744908049702644
139,0,0,-0.9282344579696655,-0.08293649554252625,0.08472926914691925
139,11,0,0.5130033493041992,0.23478597402572632,0.02249130606651306
140,0,0,-0.9256701469421387,-0.11150076985359192,0.08753985166549683
140,11,0,0.4402400851249695,0.1736501008272171,0.02145366556942463
141,0,0,-0.9247163534164429,-0.15221333503723145,0.09445995092391968
141,11,0,0.37709152698516846,0.13814996182918549,0.019822921603918076
142,0,0,-0.9236735701560974,-0.20651011168956757,0.1032005324959755
142,11,0,0.3079026937484741,0.09372621029615402,0.017382897436618805
143,0,0,-0.9223341941833496,-0.2347499579191208,0.11081273853778839
143,11,0,0.22302544116973877,0.04614695906639099,0.015399040654301643
144,0,0,-0.9148969054222107,-0.25514715909957886,0.11675287783145905
144,11,0,0.17751726508140564,0.011164989322423935,0.01214153878390789
145,0,0,-0.9138620495796204,-0.2754242420196533,0.12279482185840607
145,11,0,0.12682558596134186,-0.015188507735729218,0.01047640573233366
146,0,0,-0.9114980101585388,-0.3195703625679016,0.14118033647537231
146,11,0,0.05670420452952385,-0.03634873777627945,0.005514577031135559
147,0,0,-0.8966874480247498,-0.3407127559185028,0.13718870282173157
147,11,0,-0.02543221414089203,-0.0889047384262085,0.0065475692972540855
148,0,0,-0.8869153261184692,-0.35887572169303894,0.13502252101898193
148,11,0,-0.06996482610702515,-0.09786462783813477,0.0071432520635426044
149,0,0,-0.8833662271499634,-0.3668912649154663,0.13766302168369293
149,11,0,-0.1264837384223938,-0.09894189238548279,0.006905542220920324
150,0,0,-0.8806165456771851,-0.37488508224487305,0.14053639769554138
150,11,0,-0.20463721454143524,-0.102312833070755,0.007752226199954748
151,0,0,-0.8767949342727661,-0.3853624165058136,0.1432691514492035
151,11,0,-0.29505428671836853,-0.11894139647483826,0.009038224816322327
152,0,0,-0.8611308336257935,-0.39525383710861206,0.1424267590045929
152,11,0,-0.3925030827522278,-0.14179222285747528,0.011782686226069927
153,0,0,-0.8500964641571045,-0.4244835078716278,0.1412685066461563
153,11,0,-0.4429113566875458,-0.16747847199440002,0.010378807783126831
154,0,0,-0.830327033996582,-0.46521610021591187,0.15153831243515015
154,11,0,-0.42551177740097046,-0.17497141659259796,0.006015383638441563
155,0,0,-0.7861802577972412,-0.5732164978981018,0.15185819566249847
155,11,0,-0.42333295941352844,-0.24492083489894867,0.002095836214721203
156,0,0,-0.7800565958023071,-0.6119320392608643,0.13898785412311554
156,11,0,-0.4752151370048523,-0.248023122549057,0.0027459869161248207
157,0,0,-0.7686923146247864,-0.6383485794067383,0.13824298977851868
157,11,0,-0.5104089379310608,-0.2664838135242462,0.003113684244453907
158,0,0,-0.7670432925224304,-0.6564853191375732,0.13559891283512115
158,11,0,-0.5591960549354553,-0.2751542627811432,0.004233864136040211
159,0,0,-0.7515722513198853,-0.696133017539978,0.1326727420091629
159,11,0,-0.6126315593719482,-0.27730995416641235,0.0057924892753362656
160,0,0,-0.7470479011535645,-0.7037240266799927,0.13561499118804932
160,11,0,-0.6707439422607422,-0.25864624977111816,0.004546491429209709
161,0,0,-0.7072267532348633,-0.7244667410850525,0.13859471678733826
161,11,0,-0.6720793843269348,-0.24978268146514893,0.006288965232670307
162,0,0,-0.6836617588996887,-0.7342864274978638,0.142912819981575
162,11,0,-0.6741175651550293,-0.2622680068016052,0.005985129624605179
163,0,0,-0.5770261287689209,-0.8101838827133179,0.15722918510437012
163,11,0,-0.6730926632881165,-0.29281261563301086,0.002991531975567341
164,0,0,-0.5081809163093567,-0.8535020351409912,0.1452067643404007
164,11,0,-0.6802356243133545,-0.2854827046394348,0.0030765626579523087
165,0,0,-0.4879252314567566,-0.8696670532226562,0.14106778800487518
165,11,0,-0.6808738708496094,-0.26614972949028015,0.004847468808293343
166,0,0,-0.48175156116485596,-0.877811074256897,0.13803979754447937
166,11,0,-0.6835984587669373,-0.2661787271499634,0.00597886648029089
167,0,0,-0.4847865700721741,-0.8777366876602173,0.13584740459918976
167,11,0,-0.6907000541687012,-0.23832350969314575,0.007534543983638287
168,0,0,-0.4936257302761078,-0.8795636892318726,0.13474421203136444
168,11,0,-0.7148195505142212,-0.2043352574110031,0.0076719652861356735
169,0,0,-0.470517635345459,-0.8793498277664185,0.13312357664108276
169,11,0,-0.6932634115219116,-0.17568838596343994,0.011005097068846226
170,0,0,-0.46268975734710693,-0.8844047784805298,0.13317808508872986
170,11,0,-0.6839326024055481,-0.16784879565238953,0.008659851737320423
171,0,0,-0.4330761730670929,-0.8869743347167969,0.13348327577114105
171,11,0,-0.6611555814743042,-0.15564119815826416,0.009577715769410133
172,0,0,-0.3960322141647339,-0.8963935375213623,0.1338043063879013
172,11,0,-0.6063895225524902,-0.213802769780159,0.008949581533670425
173,0,0,-0.3803863525390625,-0.9023736715316772,0.11728249490261078
173,11,0,-0.5590035915374756,-0.19424183666706085,0.009268037043511868
174,0,0,-0.3871246576309204,-0.903728187084198,0.11398357897996902
174,11,0,-0.5060500502586365,-0.18284593522548676,0.011336058378219604
175,0,0,-0.39831477403640747,-0.8971631526947021,0.10688456147909164
175,11,0,-0.4700968861579895,-0.163252055644989,0.01310400664806366
176,0,0,-0.37632983922958374,-0.9004936218261719,0.09274730086326599
176,11,0,-0.4018038511276245,-0.1492825597524643,0.01539647951722145
177,0,0,-0.36601150035858154,-0.902331531047821,0.09543050825595856
177,11,0,-0.3620055615901947,-0.12153381109237671,0.015169062651693821
178,0,0,-0.3242366909980774,-0.8936441540718079,0.10907279700040817
178,9,0,-0.34735238552093506,0.22761426866054535,0.050043873488903046
178,11,0,-0.20257897675037384,-0.03515513986349106,0.010759634897112846
179,0,0,-0.3136874735355377,-0.8951138854026794,0.11027370393276215
179,9,0,-0.37018531560897827,0.22631129622459412,0.05387060344219208
179,11,0,-0.18408629298210144,-0.09324659407138824,0.006178908050060272
180,0,0,-0.2731866240501404,-0.9149740934371948,0.11406556516885757
180,11,0,-0.17177648842334747,-0.13006603717803955,0.005452143028378487
181,0,0,-0.2226579189300537,-0.9234086275100708,0.10596512258052826
181,11,0,-0.1354508101940155,-0.17569538950920105,0.0017125289887189865
182,0,0,-0.12106788158416748,-0.9317214488983154,0.10320767015218735
182,11,0,-0.09192351251840591,-0.23619580268859863,0.00016199517995119095
183,0,0,-0.09564277529716492,-0.9365602135658264,0.09791188687086105
183,11,0,-0.03923008590936661,-0.2891171872615814,-0.0015696734189987183
184,0,0,-0.07392789423465729,-0.9378702044487,0.08840666711330414
184,11,0,-0.026323974132537842,-0.3125654458999634,-0.002589060924947262
185,0,0,-0.06791841983795166,-0.9407756328582764,0.08055920898914337
185,11,0,-0.021663472056388855,-0.3483700156211853,-0.0034693768247962
186,0,0,-0.04505294933915138,-0.9343231916427612,0.08206033706665039
186,9,0,0.09774048626422882,-0.006834439933300018,0.03823227435350418
186,11,0,-0.005478255450725555,-0.32115837931632996,-0.013003019616007805
187,0,0,0.005546735133975744,-0.928564190864563,0.08845020830631256
187,9,0,0.3286314308643341,0.0005654618144035339,0.02843865379691124
187,11,0,0.09978052973747253,-0.32197850942611694,-0.02216413989663124
188,0,0,0.062191881239414215,-0.9270723462104797,0.09783811867237091
188,11,0,0.17911484837532043,-0.36006271839141846,-0.024475039914250374
189,0,0,0.09414680302143097,-0.9262382984161377,0.12467889487743378
189,11,0,0.28625184297561646,-0.4593481123447418,-0.02522307075560093
190,0,0,0.14468377828598022,-0.9129423499107361,0.11711647361516953
190,11,0,0.3832203149795532,-0.48625510931015015,-0.027888702228665352
191,0,0,0.1629342883825302,-0.9068039655685425,0.11440848559141159
191,9,0,0.6458176374435425,-0.39656907320022583,0.009385056793689728
191,11,0,0.4472644627094269,-0.5087113380432129,-0.027498962357640266
192,0,0,0.1967216581106186,-0.8992726802825928,0.11431571841239929
192,9,0,0.6487205028533936,-0.4132861793041229,0.007943268865346909
192,11,0,0.47673481702804565,-0.5009899735450745,-0.028186654672026634
193,0,0,0.23779800534248352,-0.8916772603988647,0.11672718077898026
193,9,0,0.6656811237335205,-0.4373324513435364,0.007395971566438675
193,11,0,0.5116404294967651,-0.5092399716377258,-0.028250642120838165
194,0,0,0.28795087337493896,-0.8789020776748657,0.11685597896575928
194,9,0,0.6790326833724976,-0.4854107201099396,0.008682668209075928
194,11,0,0.5228660702705383,-0.5217055678367615,-0.028494447469711304
195,0,0,0.33383065462112427,-0.85808265209198,0.11892317980527878
195,9,0,0.6821125745773315,-0.5083592534065247,0.009439563378691673
195,11,0,0.5481587648391724,-0.47557052969932556,-0.028483211994171143
196,0,0,0.37752485275268555,-0.8468048572540283,0.12122571468353271
196,2,0,-0.039693135768175125,0.34725332260131836,0.03853645175695419
196,9,0,0.6732578277587891,-0.513035237789154,0.011252332478761673
196,11,0,0.5745757818222046,-0.445770800113678,-0.028173770755529404
197,0,0,0.4446987509727478,-0.842566192150116,0.12942847609519958
197,11,0,0.5934605598449707,-0.44385826587677,-0.025685999542474747
198,0,0,0.501122772693634,-0.8162292242050171,0.12981010973453522
198,9,0,0.6525239944458008,-0.4886591136455536,0.007793217897415161
198,11,0,0.6064510345458984,-0.4179046154022217,-0.025739245116710663
199,0,0,0.5470508337020874,-0.7852147817611694,0.1251039355993271
199,9,0,0.6398496627807617,-0.4961988925933838,0.008104430511593819
199,11,0,0.6047911047935486,-0.38877201080322266,-0.025421245023608208
200,0,0,0.5784860849380493,-0.7606030106544495,0.12125775218009949
200,9,0,0.6268627643585205,-0.5112758278846741,0.008849050849676132
200,11,0,0.6017042398452759,-0.37120169401168823,-0.025066202506422997
201,0,0,0.6143521666526794,-0.7228226661682129,0.11483332514762878
201,9,0,0.6077145934104919,-0.506950855255127,0.012044251896440983
201,11,0,0.600257158279419,-0.3088892996311188,-0.02375640720129013
202,0,0,0.6428991556167603,-0.6939718723297119,0.1106557622551918
202,9,0,0.5938307046890259,-0.5221539735794067,0.011326242238283157
202,11,0,0.6043358445167542,-0.28386008739471436,-0.023985978215932846
203,0,0,0.6643642783164978,-0.664762020111084,0.10580738633871078
203,9,0,0.5690863728523254,-0.5323212146759033,0.010927993804216385
203,11,0,0.6110764741897583,-0.2096761018037796,-0.025982150807976723
204,0,0,0.6940850615501404,-0.6482473611831665,0.10298743844032288
204,9,0,0.5531547665596008,-0.5402284264564514,0.009329291060566902
204,11,0,0.6153287887573242,-0.15461130440235138,-0.0276618804782629
205,0,0,0.7125015258789062,-0.6421094536781311,0.09879407286643982
205,9,0,0.5367273092269897,-0.5135767459869385,0.010358180850744247
206,0,0,0.7247686386108398,-0.6502247452735901,0.10139936208724976
206,11,0,0.6600828170776367,-0.05490654706954956,-0.028173938393592834
207,0,0,0.7536904811859131,-0.5926131010055542,0.09680810570716858
207,9,0,0.5040493607521057,-0.4896261692047119,0.009841428138315678
207,11,0,0.6772642135620117,0.0136153195053339,-0.029370879754424095
208,0,0,0.7702325582504272,-0.5577971935272217,0.09366409480571747
208,9,0,0.486125111579895,-0.4737749695777893,0.012077134102582932
208,11,0,0.6916067600250244,0.05345778167247772,-0.030877431854605675
209,0,0,0.7958278656005859,-0.5074143409729004,0.09082330763339996
209,9,0,0.4741857051849365,-0.474677175283432,0.01603151671588421
209,11,0,0.7086215019226074,0.08375715464353561,-0.03166523203253746
210,0,0,0.8110110759735107,-0.47472909092903137,0.08873093128204346
210,11,0,0.7151689529418945,0.12856748700141907,-0.031770605593919754
211,0,0,0.817284345626831,-0.4518757462501526,0.08238670229911804
211,11,0,0.7098131775856018,0.14590810239315033,-0.031437963247299194
212,0,0,0.8355675935745239,-0.38373714685440063,0.07609441876411438
212,9,0,0.4675745666027069,-0.3947829604148865,0.02164314314723015
212,11,0,0.7132612466812134,0.21198800206184387,-0.03379154950380325
213,0,0,0.8555425405502319,-0.3336838483810425,0.07594924420118332
213,9,0,0.4613598585128784,-0.3284680247306824,0.023488450795412064
214,0,0,0.8787795305252075,-0.2849348783493042,0.07456565648317337
214,11,0,0.7264746427536011,0.245513454079628,-0.033855415880680084
215,0,0,0.8835704326629639,-0.24542593955993652,0.07136844098567963
215,9,0,0.38929158449172974,-0.1254240870475769,0.02323821187019348
215,11,0,0.735075831413269,0.23767565190792084,-0.035976871848106384
216,0,0,0.8769199848175049,-0.22761023044586182,0.06502328813076019
216,9,0,0.4105934202671051,-0.06276071071624756,0.028180450201034546
217,0,0,0.8741092681884766,-0.2530553340911865,0.05523785203695297
218,0,0,0.878620982170105,-0.24922558665275574,0.05152556300163269
219,0,0,0.8893167972564697,-0.2261219024658203,0.057820528745651245
219,11,0,0.7396903038024902,0.031279556453228,-0.03606187924742699
220,0,0,0.8886107802391052,-0.22617915272712708,0.05749232694506645
220,11,0,0.7320892810821533,-0.0029010698199272156,-0.030707135796546936
221,0,0,0.892266035079956,-0.2052370309829712,0.05672100931406021
222,0,0,0.9062492251396179,-0.14339874684810638,0.06467177718877792
223,0,0,0.9239825010299683,-0.06123550608754158,0.0758325606584549
223,9,0,0.5448668003082275,0.02516930177807808,0.061105191707611084
224,0,0,0.9162943363189697,-0.11100989580154419,0.06401290744543076
224,4,0,0.43159785866737366,-0.8420097827911377,-0.2393963634967804
225,0,0,0.9111756086349487,-0.1496380865573883,0.05490976199507713
225,4,0,0.39063847064971924,-0.8630076050758362,-0.2605140209197998
226,0,0,0.9064015746116638,-0.17934224009513855,0.046494316309690475
226,4,0,0.362184077501297,-0.8754093647003174,-0.2758188843727112
227,0,0,0.8999567627906799,-0.21623776853084564,0.03665890172123909
227,4,0,0.3292640447616577,-0.8954715728759766,-0.2850605249404907
228,0,0,0.8947320580482483,-0.21820677816867828,0.030094709247350693
228,4,0,0.32935231924057007,-0.8988444805145264,-0.28795623779296875
229,0,0,0.890022337436676,-0.22746117413043976,0.02258668839931488
229,4,0,0.3235936164855957,-0.9009760618209839,-0.2924756407737732
230,0,0,0.8861784934997559,-0.24015018343925476,0.015106907114386559
230,4,0,0.31492429971694946,-0.9041012525558472,-0.29707270860671997
231,0,0,0.8843663930892944,-0.2506152093410492,0.00662222970277071
231,4,0,0.30232590436935425,-0.9019780158996582,-0.29992181062698364
232,0,0,0.8802833557128906,-0.2662696838378906,0.003792782314121723
232,4,0,0.28700047731399536,-0.9027760624885559,-0.3016781210899353
233,0,0,0.8747671842575073,-0.29949313402175903,0.0004409700632095337
233,4,0,0.2704830765724182,-0.9071468114852905,-0.3006662130355835
234,0,0,0.869316041469574,-0.3262675404548645,-0.003238125704228878
234,4,0,0.2591199278831482,-0.9093611240386963,-0.3030571937561035
235,0,0,0.8644759654998779,-0.35091903805732727,-0.005701790563762188
235,4,0,0.25046753883361816,-0.9131259918212891,-0.3039640188217163
236,0,0,0.8607953190803528,-0.3721182346343994,-0.008923156186938286
236,4,0,0.2499789446592331,-0.9150258898735046,-0.30409857630729675
237,0,0,0.8532938957214355,-0.3998737931251526,-0.01363776158541441
237,4,0,0.23495660722255707,-0.9151902198791504,-0.3066965341567993
238,0,0,0.8486188650131226,-0.4206480085849762,-0.018496375530958176
238,4,0,0.21247020363807678,-0.920120120048523,-0.30947715044021606
239,0,0,0.8435639142990112,-0.44699203968048096,-0.024546507745981216
239,4,0,0.1971329301595688,-0.9221934080123901,-0.31087493896484375
240,0,0,0.8330159187316895,-0.4886281490325928,-0.029742008075118065
240,4,0,0.1861417144536972,-0.9213456511497498,-0.31379005312919617
241,0,0,0.8163565993309021,-0.5286566019058228,-0.032384272664785385
241,4,0,0.16991780698299408,-0.9235595464706421,-0.3170093297958374
242,0,0,0.7948746681213379,-0.5735486745834351,-0.036814507097005844
242,4,0,0.15268318355083466,-0.9252291917800903,-0.3220837712287903
243,0,0,0.7708102464675903,-0.6146839261054993,-0.03893628343939781
243,4,0,0.14332805573940277,-0.9255577921867371,-0.32224932312965393
244,0,0,0.7493094801902771,-0.6494063138961792,-0.039402347058057785
244,4,0,0.14085763692855835,-0.9264754056930542,-0.3205410838127136
245,0,0,0.7273229360580444,-0.690248966217041,-0.0390489399433136
245,4,0,0.1473717987537384,-0.9297703504562378,-0.31957584619522095
246,0,0,0.681492269039154,-0.7509814500808716,-0.04326765611767769
246,4,0,0.144579216837883,-0.9358169436454773,-0.3208068013191223
247,0,0,0.627698540687561,-0.8062936067581177,-0.03878287598490715
247,4,0,0.1410960853099823,-0.9424949884414673,-0.31685730814933777
248,0,0,0.5689800977706909,-0.8560534715652466,-0.02888220176100731
248,4,0,0.1453087478876114,-0.9483822584152222,-0.31092455983161926
249,0,0,0.5192064642906189,-0.8730354309082031,-0.028848284855484962
249,4,0,0.13923868536949158,-0.9480104446411133,-0.3132786750793457
250,0,0,0.5056042671203613,-0.8749078512191772,-0.02528809942305088
250,4,0,0.14881014823913574,-0.947752058506012,-0.3101179897785187
251,0,0,0.4824305474758148,-0.8768025636672974,-0.024639707058668137
251,4,0,0.1562456339597702,-0.9472198486328125,-0.30520549416542053
252,0,0,0.46358522772789,-0.8775063157081604,-0.029648520052433014
252,4,0,0.1661323606967926,-0.9498981237411499,-0.2994818091392517
253,0,0,0.42581140995025635,-0.8767267465591431,-0.03228089213371277
253,2,0,0.20683620870113373,-0.6394362449645996,-0.09340453147888184
253,4,0,0.1998765468597412,-0.9329459071159363,-0.29355573654174805
254,0,0,0.42278629541397095,-0.8527201414108276,-0.04230176657438278
254,9,0,-0.925834059715271,0.13831108808517456,-0.0013218866661190987
255,0,0,0.42578125,-0.8599203824996948,-0.041081853210926056
255,9,0,-0.9730246067047119,0.18447066843509674,0.010431050322949886
256,0,0,0.4270685911178589,-0.8748377561569214,-0.03818897157907486
256,9,0,-0.9742910861968994,0.18506121635437012,0.009062731638550758
257,0,0,0.38865798711776733,-0.8990585803985596,-0.03146231174468994
257,9,0,-0.9750561118125916,0.18171711266040802,0.003372722305357456
258,0,0,0.38676249980926514,-0.8988305330276489,-0.03167054057121277
258,9,0,-0.9771424531936646,0.18218137323856354,-0.0024191904813051224
259,0,0,0.3691331148147583,-0.9000222086906433,-0.030327150598168373
259,9,0,-0.9770032167434692,0.18611714243888855,-0.007862095721065998
260,0,0,0.36121833324432373,-0.8971192836761475,-0.031313370913267136
260,7,0,-0.9668319821357727,0.13941438496112823,0.011346066370606422
260,9,0,-0.9782636165618896,0.1998136043548584,-0.012612059712409973
261,0,0,0.35625219345092773,-0.8952090740203857,-0.030460363253951073
261,9,0,-0.9771108627319336,0.2039196491241455,-0.017091866582632065
262,0,0,0.35182610154151917,-0.8929247856140137,-0.03133305534720421
262,9,0,-0.9769130349159241,0.2102377712726593,-0.021433519199490547
263,7,0,-0.9582676887512207,0.13789111375808716,0.006426138337701559
263,9,0,-0.9721843600273132,0.2184402197599411,-0.02329120598733425
264,7,0,-0.9247688055038452,0.14628469944000244,0.005933647509664297
264,9,0,-0.9410908222198486,0.23409917950630188,-0.024362828582525253
265,0,0,0.27427172660827637,-0.8934907913208008,-0.014772030524909496
265,2,0,0.02575032413005829,-0.8362419605255127,0.013142410665750504
265,9,0,-0.9066720008850098,0.2448032796382904,-0.027122683823108673
266,0,0,0.2512250244617462,-0.8956471085548401,-0.012808306142687798
266,2,0,-0.05558297783136368,-0.8632996678352356,0.018168749287724495
266,9,0,-0.8749572038650513,0.2542147636413574,-0.027495691552758217
267,0,0,0.22873863577842712,-0.8985058665275574,-0.01056323479861021
267,2,0,-0.09915011376142502,-0.882522702217102,0.022488275542855263
267,9,0,-0.8419972658157349,0.26489880681037903,-0.027068791911005974
268,0,0,0.2019578516483307,-0.9021803140640259,-0.010007798671722412
268,2,0,-0.1356363296508789,-0.8935985565185547,0.024909785017371178
268,9,0,-0.8088992834091187,0.2740092873573303,-0.025437310338020325
269,0,0,0.16770921647548676,-0.9046428799629211,-0.008375914767384529
269,2,0,-0.1607978343963623,-0.903506875038147,0.026157373562455177
269,9,0,-0.7779395580291748,0.28390711545944214,-0.022718705236911774
270,0,0,0.13968420028686523,-0.9064680337905884,-0.008822567760944366
270,2,0,-0.16349226236343384,-0.9041281938552856,0.02713211625814438
270,9,0,-0.7480510473251343,0.29607948660850525,-0.021334409713745117
271,0,0,0.11274786293506622,-0.9082752466201782,-0.00730995275080204
271,2,0,-0.1665278524160385,-0.9077506065368652,0.029716389253735542
271,9,0,-0.7196148633956909,0.31830263137817383,-0.016522914171218872
272,0,0,0.07841411232948303,-0.9132636785507202,-0.005542910657823086
272,2,0,-0.1606140434741974,-0.9073416590690613,0.03233272582292557
272,9,0,-0.6890819072723389,0.33711957931518555,-0.01122505683451891
273,0,0,0.04763096570968628,-0.9186126589775085,-0.0055502625182271
273,2,0,-0.13557901978492737,-0.8981115818023682,0.034514497965574265
273,9,0,-0.6589986085891724,0.3574368357658386,-0.005523080006241798
274,0,0,-0.061226218938827515,-0.930382251739502,-0.0016707750037312508
274,2,0,-0.10713690519332886,-0.8919014930725098,0.03854232653975487
274,9,0,-0.6249103546142578,0.37877967953681946,-0.005439129192382097
275,0,0,-0.0977298766374588,-0.9263724088668823,0.002918008714914322
275,2,0,-0.09069161117076874,-0.8754428029060364,0.04397822916507721
275,9,0,-0.5729527473449707,0.4047849178314209,-0.010849632322788239
276,0,0,-0.11998634040355682,-0.9275880455970764,0.012899843044579029
276,2,0,-0.07956306636333466,-0.8571460247039795,0.05301440507173538
276,9,0,-0.534174919128418,0.43426328897476196,-0.01774420589208603
277,0,0,-0.07371129840612411,-0.9250463247299194,0.00018090009689331055
277,2,0,-0.045599572360515594,-0.8307654857635498,0.052251048386096954
277,9,0,-0.4830878674983978,0.46674954891204834,-0.012715430930256844
278,0,0,-0.08922144770622253,-0.9283445477485657,-0.006288136821240187
278,9,0,-0.4398207664489746,0.4982356131076813,-0.01644784025847912
279,0,0,-0.14997261762619019,-0.9256290197372437,-0.006908350624144077
279,2,0,0.006450069602578878,-0.7825028896331787,0.05791179835796356
279,9,0,-0.39284586906433105,0.5496188998222351,-0.014470809139311314
280,0,0,-0.17873328924179077,-0.9151703715324402,-0.006807050667703152
280,2,0,0.03499725088477135,-0.7433087229728699,0.06445111334323883
280,9,0,-0.3409932851791382,0.6117681264877319,-0.007390526123344898
281,0,0,-0.22018161416053772,-0.9110463857650757,-0.0026812488213181496
281,2,0,0.04219980537891388,-0.7064874172210693,0.07929727435112
282,0,0,-0.37912362813949585,-0.9076642990112305,0.013007240369915962
282,2,0,0.01653354801237583,-0.6743015050888062,0.10101161897182465
283,0,0,-0.42795056104660034,-0.8884650468826294,0.013932009227573872
283,2,0,-0.0034745922312140465,-0.6380032300949097,0.11026708781719208
283,9,0,-0.20767828822135925,0.7774211168289185,-0.0063844299875199795
284,0,0,-0.44150036573410034,-0.8784767389297485,0.013521842658519745
284,2,0,-0.03586304560303688,-0.5891268849372864,0.11924733966588974
284,9,0,-0.15329062938690186,0.8145096302032471,-0.004331584088504314
285,0,0,-0.46152129769325256,-0.8720333576202393,0.012306025251746178
285,2,0,-0.058871228247880936,-0.5220503211021423,0.12835155427455902
285,9,0,-0.11137062311172485,0.8305076360702515,-0.0065174465999007225
286,0,0,-0.5082197785377502,-0.846693754196167,0.007219838909804821
286,2,0,-0.12986937165260315,-0.4425985813140869,0.13854417204856873
286,9,0,-0.10721650719642639,0.8418827056884766,-0.001162496511824429
287,0,0,-0.5477449893951416,-0.8362325429916382,0.005284542683511972
287,9,0,-0.09150222688913345,0.8382912874221802,-1.7000827938318253e-05
288,0,0,-0.5431362390518188,-0.8129597902297974,0.00446136761456728
288,9,0,-0.04895566403865814,0.8426717519760132,-0.004847054835408926
289,0,0,-0.5236205458641052,-0.8267800807952881,0.0013522561639547348
289,4,0,-0.472078800201416,0.911104142665863,0.20100748538970947
289,11,0,0.07693641632795334,0.7076898813247681,-0.09705601632595062
290,0,0,-0.5753968358039856,-0.7915773391723633,0.003399338573217392
290,4,0,-0.5278704762458801,0.8903107643127441,0.19620470702648163
291,0,0,-0.6225146055221558,-0.7748727798461914,0.016535241156816483
291,2,0,0.12232866138219833,0.07958028465509415,0.1973191648721695
291,11,0,0.03323692828416824,0.5894886255264282,-0.09877336025238037
292,0,0,-0.6329684257507324,-0.748196005821228,0.016442855820059776
292,2,0,0.20759806036949158,0.2592240869998932,0.21463564038276672
292,4,0,-0.5139665007591248,0.8720859885215759,0.1960698962211609
293,0,0,-0.6444241404533386,-0.7264918684959412,0.018824685364961624
293,2,0,0.31481850147247314,0.3152705729007721,0.23085615038871765
293,4,0,-0.5028039813041687,0.8268260955810547,0.2006397843360901
293,11,0,0.030754875391721725,0.5699405670166016,-0.11487342417240143
294,0,0,-0.659173846244812,-0.6976847648620605,0.018763987347483635
294,2,0,0.5399053692817688,0.3799430727958679,0.25070226192474365
294,11,0,0.02521469257771969,0.5142408609390259,-0.12014945596456528
295,0,0,-0.6746440529823303,-0.6656618118286133,0.016459131613373756
295,2,0,0.6541491746902466,0.3640735447406769,0.2682579755783081
295,11,0,0.039699990302324295,0.49773186445236206,-0.1261395514011383
296,0,0,-0.6894484758377075,-0.6451690793037415,0.015123521909117699
296,2,0,0.7113269567489624,0.3671596944332123,0.28384506702423096
296,11,0,0.05447027087211609,0.4663204550743103,-0.12893220782279968
297,0,0,-0.7107113003730774,-0.6327486038208008,0.01408852357417345
297,2,0,0.7521305680274963,0.3620441257953644,0.29189926385879517
297,11,0,0.06582321971654892,0.43149542808532715,-0.130311518907547
298,0,0,-0.7267923355102539,-0.6244381666183472,0.012651568278670311
298,2,0,0.7798799276351929,0.35635823011398315,0.29845479130744934
298,11,0,0.06844042241573334,0.3947577476501465,-0.1293366253376007
299,0,0,-0.7476476430892944,-0.6205382943153381,0.012578072026371956
299,2,0,0.7931109666824341,0.35331547260284424,0.30219703912734985
299,11,0,0.059482961893081665,0.3505192995071411,-0.1269584447145462
300,0,0,-0.7656930088996887,-0.6113887429237366,0.01320013776421547
300,2,0,0.8097718954086304,0.34209924936294556,0.30221158266067505
300,11,0,0.05858239158987999,0.3042082190513611,-0.12420661747455597
301,0,0,-0.7814161777496338,-0.5990641117095947,0.01441548764705658
301,2,0,0.8228198289871216,0.33471664786338806,0.30237579345703125
301,11,0,0.05200745537877083,0.2664591670036316,-0.12440337240695953
302,0,0,-0.7970185875892639,-0.5840260982513428,0.016970980912446976
302,2,0,0.8341070413589478,0.3306151032447815,0.30278146266937256
302,11,0,0.03665705770254135,0.22722232341766357,-0.1252296417951584
303,0,0,-0.8147352933883667,-0.5664675235748291,0.022617926821112633
303,2,0,0.8426588773727417,0.3050565719604492,0.3049030005931854
303,11,0,0.012632237747311592,0.1783355325460434,-0.12755435705184937
304,0,0,-0.8323581218719482,-0.5366756916046143,0.02913026697933674
304,2,0,0.8488233089447021,0.2806452512741089,0.3075603246688843
304,11,0,-0.020880740135908127,0.1247224435210228,-0.1308232694864273
305,0,0,-0.852217435836792,-0.4834999144077301,0.03302590548992157
305,2,0,0.8592475056648254,0.25885412096977234,0.3099743723869324
305,11,0,-0.05799456313252449,0.07425469160079956,-0.13031582534313202
306,0,0,-0.8685082197189331,-0.4459361135959625,0.036593250930309296
306,2,0,0.8763419389724731,0.23133748769760132,0.3097824454307556
306,11,0,-0.09631502628326416,0.020167360082268715,-0.12703163921833038
307,2,0,0.8928779363632202,0.19993706047534943,0.3069130778312683
307,11,0,-0.1644396185874939,-0.0313810296356678,-0.12325902283191681
308,0,0,-0.9024531245231628,-0.3383750915527344,0.054958682507276535
308,2,0,0.8952764868736267,0.1606673151254654,0.29859039187431335
308,11,0,-0.24222899973392487,-0.07110203802585602,-0.12364093214273453
309,0,0,-0.9008121490478516,-0.3371427059173584,0.05495984107255936
309,2,0,0.898765504360199,0.1416105329990387,0.2960621416568756
309,11,0,-0.2691679894924164,-0.11301862448453903,-0.12938664853572845
310,0,0,-0.8914089202880859,-0.33141762018203735,0.05849960446357727
310,2,0,0.8991300463676453,0.11628773808479309,0.29042261838912964
310,11,0,-0.2784915566444397,-0.1674802601337433,-0.12788373231887817
311,0,0,-0.8812602758407593,-0.32109278440475464,0.06374800205230713
311,2,0,0.8987589478492737,0.09194834530353546,0.2845522165298462
311,11,0,-0.2975302040576935,-0.23570170998573303,-0.12345138192176819
312,0,0,-0.8680015802383423,-0.3443208336830139,0.06426680833101273
312,2,0,0.8996696472167969,0.07483908534049988,0.27934324741363525
312,11,0,-0.31772029399871826,-0.328698992729187,-0.1123860627412796
313,2,0,0.9101630449295044,0.048122428357601166,0.27530550956726074
313,11,0,-0.3618984818458557,-0.4587351083755493,-0.10364473611116409
314,2,0,0.9104238748550415,0.05773473531007767,0.26766538619995117
314,11,0,-0.38249415159225464,-0.5526250004768372,-0.09689397364854813
315,2,0,0.9148342609405518,0.07283417135477066,0.2507234513759613
315,11,0,-0.3915936052799225,-0.647122859954834,-0.0866643488407135
316,2,0,0.9167468547821045,0.14226682484149933,0.23912861943244934
316,11,0,-0.3971904218196869,-0.702820360660553,-0.07572828233242035
317,2,0,0.916343092918396,0.19720059633255005,0.23952242732048035
317,11,0,-0.42080989480018616,-0.7438358068466187,-0.07234444469213486
318,2,0,0.9076945781707764,0.25234371423721313,0.23468267917633057
318,11,0,-0.4400044083595276,-0.7794569730758667,-0.06879524886608124
319,2,0,0.9014043807983398,0.2877790033817291,0.2357458472251892
319,11,0,-0.4538846015930176,-0.810958206653595,-0.06378794461488724
320,2,0,0.8858447670936584,0.3129693269729614,0.2352800965309143
320,11,0,-0.4678956866264343,-0.8338078856468201,-0.059531405568122864
321,11,0,-0.4816180467605591,-0.8573293089866638,-0.05193381756544113
322,11,0,-0.5006363391876221,-0.8654636144638062,-0.04962385445833206
323,11,0,-0.518479585647583,-0.867304801940918,-0.04588295891880989
324,11,0,-0.5079883337020874,-0.8706384301185608,-0.04486869275569916
325,11,0,-0.49663445353507996,-0.8843052983283997,-0.03970859944820404
326,11,0,-0.48413169384002686,-0.8890432119369507,-0.04005676507949829
327,11,0,-0.4904477894306183,-0.8824605941772461,-0.039053358137607574
328,11,0,-0.4884542226791382,-0.8809611797332764,-0.034832924604415894
329,11,0,-0.4689423739910126,-0.8943384885787964,-0.03533782809972763
330,11,0,-0.46025171875953674,-0.9015787839889526,-0.035163652151823044
331,11,0,-0.46081072092056274,-0.9052302241325378,-0.03372081369161606
332,11,0,-0.4577268958091736,-0.9097937345504761,-0.03067563660442829
333,11,0,-0.44053560495376587,-0.9149733781814575,-0.028573231771588326
334,11,0,-0.42720240354537964,-0.9191615581512451,-0.027633199468255043
335,11,0,-0.425487220287323,-0.9197038412094116,-0.027773112058639526
336,11,0,-0.4245796203613281,-0.9214379787445068,-0.027031254023313522
337,11,0,-0.4108402729034424,-0.9239370226860046,-0.026434531435370445
338,11,0,-0.4013531804084778,-0.9278887510299683,-0.027814481407403946
339,11,0,-0.38747748732566833,-0.9346007108688354,-0.027722960337996483
340,11,0,-0.36425554752349854,-0.9364761114120483,-0.031416989862918854
341,11,0,-0.3303905725479126,-0.9394502639770508,-0.03406655415892601
342,11,0,-0.34116092324256897,-0.9320423603057861,-0.0302295982837677
343,11,0,-0.35783639550209045,-0.9237390756607056,-0.018617894500494003
344,11,0,-0.32779622077941895,-0.9271959066390991,-0.0048898691311478615
345,2,0,-0.5557307004928589,0.6631988883018494,0.338335245847702
345,11,0,-0.2712385654449463,-0.9055085182189941,-0.019669756293296814
346,2,0,-0.5979188680648804,0.6379009485244751,0.33242684602737427
346,11,0,-0.2504952847957611,-0.8877018690109253,-0.02171321213245392
347,2,0,-0.6114549040794373,0.6139308214187622,0.33718615770339966
347,11,0,-0.23331239819526672,-0.870436429977417,-0.02348833717405796
348,2,0,-0.6309593915939331,0.5845260620117188,0.3355832099914551
348,11,0,-0.21721461415290833,-0.8539559245109558,-0.027352944016456604
349,2,0,-0.6495358943939209,0.5543370842933655,0.3333032429218292
349,11,0,-0.20471921563148499,-0.8386196494102478,-0.028148287907242775
350,2,0,-0.6582135558128357,0.5517790913581848,0.3323006331920624
350,11,0,-0.19437634944915771,-0.823965847492218,-0.032219745218753815
351,2,0,-0.66655433177948,0.5486556887626648,0.3296542167663574
351,11,0,-0.18445077538490295,-0.8130462169647217,-0.03393561765551567
352,2,0,-0.6743055582046509,0.5375853776931763,0.32699066400527954
352,11,0,-0.17678514122962952,-0.801655650138855,-0.03562719747424126
353,2,0,-0.6841237545013428,0.5288876295089722,0.32575535774230957
353,11,0,-0.1673177182674408,-0.7926357984542847,-0.03828587010502815
354,2,0,-0.6924718022346497,0.5167849063873291,0.3235219717025757
354,11,0,-0.16034525632858276,-0.7838248014450073,-0.03914078325033188
355,2,0,-0.69957035779953,0.5037462711334229,0.3214263617992401
355,11,0,-0.15382665395736694,-0.7774182558059692,-0.04098829999566078
356,2,0,-0.7022345066070557,0.4957970678806305,0.320348858833313
356,11,0,-0.1478554606437683,-0.77191162109375,-0.04082636535167694
357,2,0,-0.705554723739624,0.48899129033088684,0.3189314007759094
357,11,0,-0.14081311225891113,-0.7685374021530151,-0.0439334399998188
358,2,0,-0.7060286998748779,0.4877053201198578,0.31718331575393677
358,11,0,-0.13722124695777893,-0.7634460926055908,-0.04591421037912369
359,2,0,-0.7104371190071106,0.47776615619659424,0.315712571144104
359,11,0,-0.1323050856590271,-0.7594107985496521,-0.04882345348596573
360,2,0,-0.7142055034637451,0.47362446784973145,0.31433361768722534
360,11,0,-0.12350241839885712,-0.7536107897758484,-0.05157855898141861
361,2,0,-0.7134701013565063,0.4784706234931946,0.3125324845314026
361,11,0,-0.11722831428050995,-0.7500952482223511,-0.05442123860120773
362,2,0,-0.7142000198364258,0.4830121397972107,0.3119851052761078
362,11,0,-0.116068035364151,-0.7452045679092407,-0.057633038610219955
363,2,0,-0.7187851071357727,0.4719865620136261,0.3107988238334656
363,11,0,-0.11516737937927246,-0.7383602857589722,-0.06049639731645584
364,2,0,-0.7212107181549072,0.46470946073532104,0.30903229117393494
364,11,0,-0.11399424076080322,-0.7327214479446411,-0.0625992864370346
365,2,0,-0.7233457565307617,0.47358477115631104,0.30966585874557495
365,11,0,-0.11215665936470032,-0.7255597710609436,-0.06690067052841187
366,2,0,-0.7212165594100952,0.48984426259994507,0.31016167998313904
366,11,0,-0.11248187720775604,-0.7179694175720215,-0.06985067576169968
367,2,0,-0.7247011661529541,0.49270039796829224,0.3102959394454956
367,11,0,-0.11513236165046692,-0.7087656259536743,-0.07385816425085068
368,2,0,-0.7259500026702881,0.4875047206878662,0.30908048152923584
368,11,0,-0.1179540604352951,-0.6944940090179443,-0.07761354744434357
369,2,0,-0.7275245785713196,0.48457974195480347,0.3115776479244232
369,11,0,-0.11584289371967316,-0.6777381300926208,-0.08158037066459656
370,2,0,-0.7268233299255371,0.49792468547821045,0.31291812658309937
370,11,0,-0.11305341869592667,-0.6574236154556274,-0.08479103446006775
371,2,0,-0.7220442295074463,0.5167791247367859,0.3134844899177551
371,11,0,-0.11165550351142883,-0.6376325488090515,-0.08677032589912415
372,2,0,-0.7193529605865479,0.5254371166229248,0.3144988417625427
372,11,0,-0.11224497109651566,-0.6208736300468445,-0.09037027508020401
373,2,0,-0.719110369682312,0.5282679200172424,0.3145105838775635
373,11,0,-0.11550762504339218,-0.6013911962509155,-0.09490802884101868
374,2,0,-0.7179527282714844,0.5288306474685669,0.3148857355117798
374,11,0,-0.11709214001893997,-0.5756716132164001,-0.09504670649766922
375,2,0,-0.7167196273803711,0.5356626510620117,0.31574547290802
375,11,0,-0.11779193580150604,-0.555707573890686,-0.09824275970458984
376,2,0,-0.7123638391494751,0.5460533499717712,0.31612521409988403
376,11,0,-0.12077367305755615,-0.5350126028060913,-0.09961676597595215
377,2,0,-0.7090147733688354,0.5589841604232788,0.31650403141975403
377,11,0,-0.12243687361478806,-0.5168807506561279,-0.10127764195203781
378,2,0,-0.7071083784103394,0.573594868183136,0.3167737126350403
378,11,0,-0.12259593605995178,-0.5047141313552856,-0.10501193255186081
379,2,0,-0.701606273651123,0.592872142791748,0.316342830657959
379,11,0,-0.1252521276473999,-0.4922948479652405,-0.10754530876874924
380,2,0,-0.6951371431350708,0.6185259819030762,0.3154996335506439
380,11,0,-0.129640132188797,-0.4812871217727661,-0.11074282228946686
381,2,0,-0.6957604885101318,0.6188331842422485,0.31536585092544556
382,2,0,-0.700668454170227,0.6128220558166504,0.31722795963287354
383,2,0,-0.6980480551719666,0.6121687293052673,0.3178384006023407
384,2,0,-0.6895530819892883,0.6190652251243591,0.3184744119644165
385,2,0,-0.6809532642364502,0.6316565275192261,0.31856292486190796
386,2,0,-0.6682620644569397,0.6557379364967346,0.31705814599990845
387,2,0,-0.6744235754013062,0.6500278115272522,0.3154006004333496
388,2,0,-0.6738210916519165,0.6543615460395813,0.3161666989326477
389,2,0,-0.6738783121109009,0.6566786766052246,0.3161550760269165
390,2,0,-0.6683996319770813,0.6628819704055786,0.3151811957359314
391,2,0,-0.6625946164131165,0.6701474189758301,0.3145027756690979
392,2,0,-0.6564086675643921,0.6775780916213989,0.31441164016723633
393,2,0,-0.6496741771697998,0.6880892515182495,0.3144093155860901
394,2,0,-0.6430708169937134,0.695059061050415,0.3143312931060791
395,2,0,-0.6430777311325073,0.708624005317688,0.3132830858230591
396,2,0,-0.6440517902374268,0.70923912525177,0.31218791007995605
397,2,0,-0.6461725831031799,0.70382159948349,0.31147512793540955
398,2,0,-0.6476778388023376,0.698042631149292,0.3090680241584778
399,2,0,-0.6463555097579956,0.6915680170059204,0.3090115487575531
400,2,0,-0.6430160999298096,0.6928883790969849,0.3069782257080078
401,2,0,-0.6497423648834229,0.6767573356628418,0.3056381344795227
402,2,0,-0.6516066789627075,0.6702877283096313,0.3033357858657837
403,2,0,-0.6475828886032104,0.671953022480011,0.3017791509628296
404,2,0,-0.6356923580169678,0.6668319702148438,0.2996823191642761
405,2,0,-0.6236768364906311,0.6655157804489136,0.2976360321044922
406,2,0,-0.6035048961639404,0.6621894836425781,0.29498204588890076
407,2,0,-0.5794596672058105,0.6549086570739746,0.2923084795475006
408,2,0,-0.560926079750061,0.6456587910652161,0.2880183458328247
409,2,0,-0.5457309484481812,0.6284433007240295,0.2850571870803833
410,2,0,-0.5216573476791382,0.6057326793670654,0.28061872720718384
411,2,0,-0.5095372200012207,0.5898417234420776,0.2747114896774292
412,2,0,-0.5143826603889465,0.5779081583023071,0.26632562279701233
413,2,0,-0.5378889441490173,0.5729585886001587,0.2544127404689789
421,1,0,-0.8847414255142212,0.4576306939125061,-0.2546817660331726
422,1,0,-0.8819512128829956,0.4515221118927002,-0.2533308267593384
423,1,0,-0.8835416436195374,0.4468523859977722,-0.2520920932292938
424,1,0,-0.878929615020752,0.4550058841705322,-0.2531401813030243
425,1,0,-0.8789049386978149,0.4600156843662262,-0.25151726603507996
428,1,0,-0.8753151893615723,0.4608231484889984,-0.2548739016056061
428,4,0,-0.8685130476951599,0.43618836998939514,-0.22647424042224884
429,1,0,-0.8756104111671448,0.44988492131233215,-0.25523948669433594
429,4,0,-0.8764156103134155,0.4303339719772339,-0.22425319254398346
430,1,0,-0.8765355348587036,0.44247135519981384,-0.2571471333503723
430,4,0,-0.8796178698539734,0.42659932374954224,-0.22447645664215088
431,1,0,-0.8751037120819092,0.44143664836883545,-0.2600378394126892
431,4,0,-0.881012499332428,0.4257175922393799,-0.2249738574028015
432,4,0,-0.8742544651031494,0.4258101284503937,-0.22626927495002747
433,4,0,-0.8682382106781006,0.41936251521110535,-0.22548893094062805
434,4,0,-0.868464469909668,0.4183027148246765,-0.22564290463924408
434,8,0,-0.8487571477890015,0.437311589717865,-0.2054169774055481
435,11,0,-0.8095363974571228,0.19516587257385254,0.05364341661334038
436,11,0,-0.827794075012207,0.20886972546577454,0.06599652767181396
437,1,0,-0.870834231376648,0.47276484966278076,-0.28706514835357666
437,11,0,-0.8406654596328735,0.22459185123443604,0.0781109631061554
438,1,0,-0.8722171783447266,0.4693627953529358,-0.29178380966186523
438,11,0,-0.8403224349021912,0.22936886548995972,0.0850105732679367
439,11,0,-0.8414372801780701,0.23753595352172852,0.09115923941135406
440,11,0,-0.8426322937011719,0.25069108605384827,0.10635746270418167
441,11,0,-0.8463289141654968,0.268817663192749,0.12555533647537231
442,11,0,-0.8501324653625488,0.28092172741889954,0.14454568922519684
443,1,0,-0.865463137626648,0.45515918731689453,-0.30464720726013184
443,11,0,-0.8601709604263306,0.30662447214126587,0.16136988997459412
444,11,0,-0.8702305555343628,0.3280639052391052,0.17577774822711945
445,1,0,-0.8651798367500305,0.43866240978240967,-0.306384414434433
445,11,0,-0.8583810329437256,0.3436459004878998,0.18102174997329712
446,1,0,-0.8653972744941711,0.43739014863967896,-0.3062751889228821
446,4,0,-0.8593460321426392,0.3950456976890564,-0.22971370816230774
446,11,0,-0.8465816974639893,0.3574196696281433,0.18787337839603424
447,4,0,-0.8566806316375732,0.3900720477104187,-0.23337559401988983
447,11,0,-0.847617506980896,0.3700747489929199,0.19239339232444763
448,4,0,-0.8500873446464539,0.39315301179885864,-0.23187683522701263
448,11,0,-0.8499832153320312,0.361099511384964,0.1982841193675995
449,11,0,-0.849989116191864,0.3650311827659607,0.19706106185913086
450,11,0,-0.854415774345398,0.3556106984615326,0.19582635164260864
451,11,0,-0.8500643372535706,0.35245490074157715,0.1951620876789093
452,11,0,-0.8484303951263428,0.35804760456085205,0.1927720308303833
453,11,0,-0.8484591245651245,0.3568073511123657,0.18811729550361633
454,11,0,-0.8460201025009155,0.35442471504211426,0.1882360279560089
455,11,0,-0.8416497707366943,0.3464677333831787,0.18659669160842896
456,11,0,-0.8370717763900757,0.3344902992248535,0.18640711903572083
457,4,0,-0.8418843746185303,0.390838623046875,-0.2444273978471756
457,11,0,-0.8410325050354004,0.319049209356308,0.18883182108402252
458,11,0,-0.8426732420921326,0.29711002111434937,0.18879106640815735
459,11,0,-0.8428474068641663,0.294524610042572,0.19019007682800293
460,11,0,-0.8469414710998535,0.2892143726348877,0.18407759070396423
461,4,0,-0.8445438146591187,0.39056891202926636,-0.25650104880332947
461,11,0,-0.8457566499710083,0.29926246404647827,0.17802909016609192
462,4,0,-0.8486400842666626,0.38929814100265503,-0.2603304982185364
462,11,0,-0.8496921062469482,0.29106447100639343,0.17945699393749237
463,11,0,-0.8501214981079102,0.2945399880409241,0.1752035915851593
464,11,0,-0.8529726266860962,0.29509466886520386,0.16414190828800201
465,4,0,-0.8607365489006042,0.401817262172699,-0.2728401720523834
465,11,0,-0.8573108315467834,0.2992287278175354,0.15627214312553406
466,4,0,-0.8670055866241455,0.41763925552368164,-0.27554163336753845
466,11,0,-0.8589901924133301,0.3117227554321289,0.15665622055530548
467,4,0,-0.8730854988098145,0.41962093114852905,-0.27145326137542725
467,11,0,-0.8625092506408691,0.3160507082939148,0.1568605601787567
468,4,0,-0.8786337375640869,0.41496551036834717,-0.2695678472518921
468,11,0,-0.8661117553710938,0.31609123945236206,0.15565645694732666
469,4,0,-0.8825390934944153,0.4124375581741333,-0.2694162130355835
469,11,0,-0.869692325592041,0.3181840181350708,0.150132954120636
470,4,0,-0.8846496343612671,0.41393738985061646,-0.26665014028549194
470,11,0,-0.8720519542694092,0.321308970451355,0.1469804346561432
471,4,0,-0.8822128772735596,0.40820813179016113,-0.2639865279197693
471,11,0,-0.8752670884132385,0.3205454349517822,0.14842870831489563
472,4,0,-0.8832079172134399,0.4012976288795471,-0.26039937138557434
472,11,0,-0.8784778118133545,0.31700006127357483,0.14906367659568787
473,4,0,-0.8865358829498291,0.4008919894695282,-0.2553134560585022
473,11,0,-0.8783520460128784,0.32647353410720825,0.1480056345462799
474,11,0,-0.8778953552246094,0.34380990266799927,0.14689508080482483
475,11,0,-0.8747075796127319,0.36034417152404785,0.14863911271095276
476,11,0,-0.8709648847579956,0.37089985609054565,0.15281328558921814
477,11,0,-0.8706253170967102,0.3728874921798706,0.1569245159626007
478,11,0,-0.8730257153511047,0.3707928955554962,0.16397127509117126
479,11,0,-0.8752360343933105,0.3730047643184662,0.16670557856559753
480,11,0,-0.880942165851593,0.3701315224170685,0.16720762848854065
481,11,0,-0.8858996033668518,0.3752794861793518,0.16263434290885925
482,11,0,-0.8877880573272705,0.38223305344581604,0.15829430520534515
483,11,0,-0.8953289985656738,0.36584991216659546,0.1695673167705536
484,11,0,-0.8923332691192627,0.3611297607421875,0.17424257099628448
485,11,0,-0.8858421444892883,0.3685096800327301,0.17800459265708923
486,11,0,-0.8816797733306885,0.37796086072921753,0.1775328367948532
487,11,0,-0.8744741678237915,0.37602487206459045,0.1790081262588501
488,11,0,-0.8620765209197998,0.3842827081680298,0.18000009655952454
489,11,0,-0.837077260017395,0.41693681478500366,0.17678260803222656
490,4,0,-0.8848208785057068,0.430151104927063,-0.26112592220306396
490,11,0,-0.836338996887207,0.4123954176902771,0.1701584905385971
491,4,0,-0.8827434778213501,0.4352372884750366,-0.27322623133659363
491,11,0,-0.8377456665039062,0.4056430459022522,0.1706463098526001
492,4,0,-0.8800275325775146,0.4393382668495178,-0.26978379487991333
492,11,0,-0.839653730392456,0.3979206085205078,0.1721096932888031
493,4,0,-0.8740109801292419,0.443314790725708,-0.26907873153686523
493,11,0,-0.8403632640838623,0.38874611258506775,0.1707974076271057
494,4,0,-0.8671203851699829,0.44314324855804443,-0.2632502019405365
494,11,0,-0.8403993844985962,0.38131433725357056,0.17053541541099548
495,4,0,-0.8639333248138428,0.43743962049484253,-0.25915470719337463
495,11,0,-0.8306493759155273,0.38736677169799805,0.16904032230377197
496,11,0,-0.8274860978126526,0.3893115520477295,0.15859714150428772
497,11,0,-0.83070969581604,0.3778300881385803,0.14889100193977356
498,11,0,-0.8453148007392883,0.34824782609939575,0.14276954531669617
499,11,0,-0.8522258996963501,0.3194766938686371,0.13861948251724243
500,4,0,-0.882418692111969,0.42619335651397705,-0.279479444026947
500,11,0,-0.8491892218589783,0.30887389183044434,0.13724114000797272
501,4,0,-0.8902196288108826,0.42196914553642273,-0.28227272629737854
501,11,0,-0.8540375232696533,0.2965250611305237,0.13665014505386353
502,4,0,-0.8922281861305237,0.4239213466644287,-0.28273478150367737
502,11,0,-0.858876645565033,0.2821188271045685,0.13764525949954987
503,4,0,-0.8935959339141846,0.4284259080886841,-0.28493988513946533
503,11,0,-0.8625812530517578,0.2678927183151245,0.1400526911020279
504,4,0,-0.8918431401252747,0.4342135787010193,-0.2800883650779724
504,11,0,-0.8661667108535767,0.24981597065925598,0.1412164270877838
505,4,0,-0.8884307146072388,0.4337535798549652,-0.27691835165023804
505,11,0,-0.8705601692199707,0.22926336526870728,0.14160087704658508
506,4,0,-0.8772350549697876,0.4334191083908081,-0.27278009057044983
506,11,0,-0.8717901110649109,0.21352288126945496,0.14135628938674927
507,4,0,-0.8592822551727295,0.42935842275619507,-0.2684706449508667
507,11,0,-0.8720384240150452,0.21522849798202515,0.13968819379806519
508,4,0,-0.8597837686538696,0.4324249029159546,-0.2586546838283539
508,11,0,-0.8789041042327881,0.19933313131332397,0.13910230994224548
509,11,0,-0.8826624155044556,0.19804413616657257,0.13913854956626892
510,11,0,-0.8805844783782959,0.20181481540203094,0.13760608434677124
511,11,0,-0.8757083415985107,0.20306092500686646,0.1399657428264618
512,11,0,-0.8697198629379272,0.2075795978307724,0.13745154440402985
513,11,0,-0.8653713464736938,0.20828041434288025,0.13521260023117065
514,4,0,-0.8615573644638062,0.42434418201446533,-0.2546941339969635
514,11,0,-0.864851713180542,0.1943197399377823,0.13509295880794525
515,4,0,-0.8666172027587891,0.43697482347488403,-0.2591168284416199
515,11,0,-0.863183856010437,0.17748768627643585,0.13478320837020874
516,4,0,-0.8622487187385559,0.4579869508743286,-0.25433439016342163
516,11,0,-0.8603075742721558,0.14900928735733032,0.13399794697761536
517,4,0,-0.8525280952453613,0.47768348455429077,-0.25178518891334534
517,11,0,-0.8538064360618591,0.11874198913574219,0.13225753605365753
518,4,0,-0.8430501818656921,0.49111223220825195,-0.2476298213005066
518,11,0,-0.8494765162467957,0.09290213137865067,0.12685643136501312
519,4,0,-0.8351624011993408,0.49993079900741577,-0.24303290247917175
519,11,0,-0.8430977463722229,0.07363986223936081,0.1224287897348404
520,4,0,-0.8286168575286865,0.5007055997848511,-0.24348443746566772
520,11,0,-0.8262853622436523,0.061998747289180756,0.1216491162776947
521,4,0,-0.8235170245170593,0.4997963309288025,-0.24154186248779297
521,8,0,-0.7741697430610657,0.5870767831802368,-0.19894348084926605
521,11,0,-0.8176079988479614,0.050726622343063354,0.12025897949934006
522,4,0,-0.8200733661651611,0.50253826379776,-0.2379075437784195
522,11,0,-0.8141958117485046,0.03666166216135025,0.11504575610160828
523,4,0,-0.8185288906097412,0.5074000358581543,-0.23505663871765137
523,11,0,-0.8165301084518433,0.021073032170534134,0.10738469660282135
524,4,0,-0.8238388299942017,0.5047405958175659,-0.23171460628509521
524,11,0,-0.8216567039489746,0.0063750892877578735,0.09990023076534271
525,4,0,-0.82518470287323,0.5002647042274475,-0.22768354415893555
525,11,0,-0.8256554007530212,-0.002530522644519806,0.09052585810422897
526,11,0,-0.8208235502243042,-0.03127296641469002,0.0855017825961113
527,11,0,-0.8140183687210083,-0.07879216969013214,0.07250569015741348
528,11,0,-0.8172815442085266,-0.09494095295667648,0.05870896577835083
529,11,0,-0.8251580595970154,-0.10744277387857437,0.04726426303386688
530,11,0,-0.8339183926582336,-0.10941889137029648,0.038980528712272644
531,11,0,-0.8441863656044006,-0.10054806619882584,0.03591344878077507
532,11,0,-0.8563932180404663,-0.08346933126449585,0.03233574703335762
533,11,0,-0.8656299114227295,-0.09917861968278885,0.033132925629615784
534,4,0,-0.865815281867981,0.4671715795993805,-0.22287392616271973
534,11,0,-0.8767467141151428,-0.10076917707920074,0.0360964834690094
535,4,0,-0.8662501573562622,0.472438246011734,-0.22200484573841095
535,11,0,-0.8844974040985107,-0.1055266335606575,0.03899608179926872
536,11,0,-0.8900678157806396,-0.10794679820537567,0.04179936274886131
537,11,0,-0.8869035243988037,-0.11190011352300644,0.03483259305357933
538,11,0,-0.8842546343803406,-0.11249244213104248,0.030885063111782074
539,11,0,-0.8855339288711548,-0.10290565341711044,0.02965937927365303
540,4,0,-0.8402172327041626,0.5189425945281982,-0.22921694815158844
540,11,0,-0.8815243244171143,-0.07336784154176712,0.031069502234458923
541,4,0,-0.8395373821258545,0.5317710041999817,-0.22784993052482605
541,11,0,-0.8823018074035645,-0.061881959438323975,0.02988366223871708
542,4,0,-0.8359169960021973,0.5423433780670166,-0.22666805982589722
542,11,0,-0.8878166675567627,-0.053698696196079254,0.0275582242757082
543,4,0,-0.8368391990661621,0.5466933250427246,-0.22461342811584473
543,11,0,-0.8956133127212524,-0.044267844408750534,0.02625145949423313
544,4,0,-0.842054009437561,0.535882830619812,-0.22790095210075378
544,11,0,-0.905139684677124,-0.05084271356463432,0.029277008026838303
545,11,0,-0.9182302951812744,-0.08356155455112457,0.03435451537370682
546,11,0,-0.9260498285293579,-0.0712769404053688,0.03641767054796219
547,11,0,-0.9261558055877686,-0.08902913331985474,0.04035494849085808
548,11,0,-0.9253445863723755,-0.098509281873703,0.04221712052822113
549,11,0,-0.9236304759979248,-0.10593881458044052,0.046993013471364975
550,11,0,-0.9217532873153687,-0.09949655085802078,0.05116082727909088
551,11,0,-0.9189925193786621,-0.08818207681179047,0.053216055035591125
552,11,0,-0.9147321581840515,-0.0735463798046112,0.053212180733680725
553,11,0,-0.9134000539779663,-0.03503994271159172,0.04808161035180092
554,11,0,-0.9163161516189575,0.04296296834945679,0.0392485037446022
555,11,0,-0.9101669192314148,0.06365451216697693,0.044900327920913696
556,11,0,-0.8607394695281982,0.10546189546585083,0.06857535243034363
557,11,0,0.11401701718568802,-0.011522326618432999,0.0915483683347702
558,11,0,0.33945006132125854,-0.042393412441015244,0.09190507233142853
559,11,0,0.45349937677383423,-0.04278228431940079,0.09093564748764038
560,11,0,0.5584704279899597,-0.014192398637533188,0.08988791704177856
561,11,0,0.6351339817047119,0.021362338215112686,0.08971528708934784
562,11,0,0.6848499774932861,0.033202383667230606,0.0879119336605072
563,11,0,0.7091047763824463,0.05744956061244011,0.08561961352825165
564,11,0,0.7083165645599365,0.055960118770599365,0.08316926658153534
565,11,0,0.6906440258026123,0.03918004035949707,0.07937179505825043
566,11,0,0.652073085308075,0.016989877447485924,0.07681138813495636
567,11,0,0.5227262377738953,-0.03242642804980278,0.07175911217927933
568,11,0,0.2925482988357544,-0.07573874294757843,0.0752691775560379
569,11,0,-0.02482970803976059,-0.09402193874120712,0.08549559116363525
570,11,0,-0.4203234016895294,-0.10839200764894485,0.08476477116346359
571,11,0,-0.661333441734314,-0.10986599326133728,0.07879520952701569
572,11,0,-0.7544114589691162,-0.1085280179977417,0.06461212038993835
573,11,0,-0.8005213141441345,-0.11700066924095154,0.03780356049537659
574,11,0,-0.8283326625823975,-0.12344294041395187,0.021545246243476868
575,11,0,-0.8411399126052856,-0.12401649355888367,0.017133701592683792
576,11,0,-0.8514979481697083,-0.12215464562177658,0.017359210178256035
577,11,0,-0.8674263954162598,-0.08453386276960373,0.015058336779475212
578,11,0,-0.8688377141952515,-0.0762144923210144,0.010193897411227226
579,11,0,-0.8646975755691528,-0.06503228843212128,0.013388721272349358
580,11,0,-0.8711520433425903,-0.05161779001355171,0.02134617231786251
581,4,0,-0.9028220176696777,0.45439428091049194,-0.265007883310318
581,11,0,-0.875592827796936,-0.03534280136227608,0.03539852797985077
582,4,0,-0.9093402624130249,0.44890791177749634,-0.2495642751455307
582,11,0,-0.887236475944519,-0.015458691865205765,0.04570428654551506
583,4,0,-0.9042587280273438,0.45647820830345154,-0.24174845218658447
583,11,0,-0.8845619559288025,-0.006303071975708008,0.041206344962120056
584,4,0,-0.9016174077987671,0.45867231488227844,-0.2419441193342209
584,11,0,-0.8782204389572144,-0.024811048060655594,0.0391247421503067
585,4,0,-0.8995963335037231,0.45970672369003296,-0.24415694177150726
585,11,0,-0.8779277801513672,-0.037149157375097275,0.03548036143183708
586,4,0,-0.9047099351882935,0.44511252641677856,-0.23964568972587585
586,11,0,-0.8870762586593628,-0.06963703036308289,0.03367747366428375
587,4,0,-0.902561604976654,0.4364297389984131,-0.23461127281188965
587,11,0,-0.8933277130126953,-0.09601332992315292,0.03002394363284111
588,4,0,-0.8897261619567871,0.44614651799201965,-0.23832425475120544
588,11,0,-0.8767991065979004,-0.1522226184606552,0.029164321720600128
589,11,0,-0.8519270420074463,-0.2593078315258026,0.028735727071762085
590,11,0,-0.865878164768219,-0.21496999263763428,0.026968643069267273
591,11,0,-0.8850045204162598,-0.11739054322242737,0.02691790834069252
592,11,0,-0.9101094007492065,7.338076829910278e-05,0.01711614988744259
593,11,0,-0.9143190383911133,-0.002466723322868347,0.01810932531952858
594,11,0,-0.9217382073402405,-0.024618472903966904,0.02605712041258812
595,11,0,-0.9325532913208008,-0.05455014854669571,0.04217223823070526
596,11,0,-0.9281497001647949,-0.0527820810675621,0.058435410261154175
597,11,0,-0.9074540138244629,-0.09960635751485825,0.08130135387182236
598,11,0,-0.8633706569671631,-0.22144868969917297,0.10427011549472809
599,11,0,-0.7735391855239868,-0.5687201619148254,0.09756260365247726
